78 0 doc151036146060526 1
78 0 doc7710344461864924 1
78 0 doc7606805059403041 1
78 0 doc7050638697696950 1
78 0 doc6492048904483467 1
78 0 doc6200337581440834 1
78 0 doc6509414402989975 1
78 0 doc4290808161139329 1
78 0 doc3781815204303241 1
78 0 doc3090998656907702 1
78 0 doc1234565160573730 1
78 0 doc198281726965444 1
78 0 doc4821257969996926 1
100 0 doc967035318418472 1
100 0 doc1779931169656381 1
100 0 doc2270654658839508 1
100 0 doc4290808161139329 1
119 0 doc7690248628577122 1
119 0 doc7881527576747420 1
119 0 doc7569445393485879 1
119 0 doc4175509016219914 1
119 0 doc291695624884565 1
119 0 doc4746511137641620 1
133 0 doc5268607684223281 1
133 0 doc9848311210578810 1
133 0 doc9217526978424330 1
133 0 doc9071551767043294 1
133 0 doc8892459126928726 1
133 0 doc8508457798254482 1
133 0 doc8231471391500358 1
133 0 doc7998391975397420 1
133 0 doc6601047915062407 1
133 0 doc6535298436643783 1
133 0 doc6491144323495041 1
133 0 doc5994153651109853 1
133 0 doc5942068988379022 1
133 0 doc4735402469304632 1
133 0 doc6377288674588197 1
133 0 doc3874886795138290 1
133 0 doc488118520354559 1
133 0 doc831151849844477 1
133 0 doc845421586641237 1
133 0 doc1623651835700843 1
133 0 doc1670622312616696 1
133 0 doc1717412318563908 1
133 0 doc1324927877730882 1
133 0 doc2941335797138677 1
133 0 doc3590884268165249 1
133 0 doc3603011798628583 1
133 0 doc3828820650816481 1
133 0 doc2918420759847932 1
133 0 doc4006510528939253 1
143 0 doc5168806776816009 1
143 0 doc9978219072711522 1
143 0 doc7358557068732556 1
143 0 doc6799776599317117 1
143 0 doc5599017990318989 1
143 0 doc5391801774050611 1
143 0 doc5368167403557640 1
143 0 doc4750838304742762 1
143 0 doc4344790398205987 1
143 0 doc4290808161139329 1
143 0 doc4073088744952858 1
143 0 doc2935052598064187 1
143 0 doc2878770983264825 1
143 0 doc1258429277577053 1
143 0 doc4405929946327 1
143 0 doc4735402469304632 1
300 0 doc2957078821185186 1
300 0 doc6631439861070680 1
300 0 doc8655277884027052 1
319 0 doc8555278845050226 1
319 0 doc3064071594531422 1
319 0 doc2935052598064187 1
319 0 doc1224532648969159 1
319 0 doc2659526671827929 1
319 0 doc2762761928704612 1
320 0 doc6593457386037361 1
320 0 doc9482625774233084 1
320 0 doc8423282472108016 1
320 0 doc8218059267505950 1
320 0 doc7181616799746888 1
320 0 doc5170293352882261 1
320 0 doc9707648221123932 1
320 0 doc3828820650816481 1
320 0 doc3553837998751021 1
320 0 doc925726638062356 1
320 0 doc916805360400109 1
320 0 doc585283327853481 1
320 0 doc4993204839198672 1
336 0 doc5486280310533660 1
336 0 doc1264299192805866 1
336 0 doc996374647319169 1
336 0 doc762445046640965 1
336 0 doc144465590218939 1
348 0 doc8352745170435172 1
348 0 doc8049184468038869 1
348 0 doc7966465975599953 1
348 0 doc7106998317216646 1
348 0 doc6999749984515755 1
348 0 doc5832250655889116 1
348 0 doc8401671962644482 1
348 0 doc4755946475264985 1
348 0 doc4692980070480625 1
348 0 doc3658669547742426 1
348 0 doc2435447165044085 1
348 0 doc1569228929685657 1
348 0 doc807993828734491 1
348 0 doc5006741787749124 1
404 0 doc1008924786363328 1
404 0 doc1339618330655263 1
404 0 doc3340828165410597 1
404 0 doc3661952638867868 1
404 0 doc3971396576832634 1
404 0 doc4139866243228811 1
404 0 doc6806722604010480 1
404 0 doc7053039409324203 1
418 0 doc8392547704796029 1
418 0 doc4175509016219914 1
418 0 doc7569445393485879 1
628 0 doc1885766127325722 1
628 0 doc3555567955507382 1
628 0 doc3996404760945509 1
628 0 doc7259294879683133 1
628 0 doc7506578377321090 1
628 0 doc9469987954896496 1
682 0 doc9670001528699130 1
682 0 doc9364148865735922 1
682 0 doc8867390850809735 1
682 0 doc5493283201428571 1
682 0 doc4670907354729674 1
682 0 doc4361220072322558 1
682 0 doc3989136572460030 1
682 0 doc1966638146185479 1
682 0 doc2714004273523549 1
682 0 doc1508105634503621 1
682 0 doc1190700200800606 1
682 0 doc419443097971251 1
682 0 doc223997495223283 1
682 0 doc34894070455412 1
682 0 doc3594651355252245 1
724 0 doc8739431159426389 1
724 0 doc3594651355252245 1
724 0 doc2714004273523549 1
724 0 doc34894070455412 1
730 0 doc3979449149442968 1
730 0 doc3590884268165249 1
730 0 doc1966638146185479 1
730 0 doc8938461112152405 1
730 0 doc9523087479617594 1
730 0 doc9670001528699130 1
730 0 doc3455204481678421 1
730 0 doc589484713269268 1
730 0 doc2713375538068664 1
730 0 doc223997495223283 1
730 0 doc34894070455412 1
730 0 doc291695624884565 1
736 0 doc8696858608013659 1
736 0 doc8516223928904348 1
736 0 doc7315358137176715 1
736 0 doc7305428791149745 1
736 0 doc4750709016042276 1
736 0 doc4290808161139329 1
736 0 doc2947188782090542 1
736 0 doc1443260585180322 1
736 0 doc932673194762377 1
736 0 doc904596179326111 1
736 0 doc189095897739979 1
736 0 doc9395715443254344 1
736 0 doc473342349140026 1
739 0 doc291695624884565 1
739 0 doc560039556461253 1
739 0 doc1455327138239823 1
739 0 doc9670001528699130 1
739 0 doc8938461112152405 1
739 0 doc8582867831317500 1
739 0 doc8293766070107110 1
739 0 doc3455204481678421 1
739 0 doc1966638146185479 1
739 0 doc223997495223283 1
739 0 doc7707689065994575 1
739 0 doc34894070455412 1
874 0 doc8488895049659124 1
874 0 doc1717412318563908 1
874 0 doc2270654658839508 1
874 0 doc2679480309784746 1
874 0 doc2762761928704612 1
874 0 doc2864595160355410 1
874 0 doc3412816427200150 1
874 0 doc3837157956819433 1
874 0 doc4719266902582313 1
874 0 doc5486280310533660 1
874 0 doc5760422122697584 1
874 0 doc6233411996499255 1
874 0 doc7027792126979693 1
874 0 doc7426592963217111 1
874 0 doc7938521661726069 1
874 0 doc8892459126928726 1
874 0 doc1682621160901140 1
874 0 doc1305553577433058 1
874 0 doc1422895308009825 1
874 0 doc916805360400109 1
874 0 doc639583185408398 1
874 0 doc599337060580753 1
874 0 doc574180390413250 1
874 0 doc426611082211389 1
874 0 doc174325304693036 1
874 0 doc151036146060526 1
874 0 doc961955935523938 1
900 0 doc6564076531735310 1
900 0 doc4720283421615359 1
900 0 doc37573905724394 1
900 0 doc8655706520516310 1
919 0 doc5978913916143327 1
919 0 doc6460447408144781 1
919 0 doc7331062615542814 1
919 0 doc8079423496391852 1
919 0 doc970789513843822 1
919 0 doc8590492866942091 1
919 0 doc2280062846829854 1
919 0 doc1682621160901140 1
919 0 doc4702999283260777 1
919 0 doc3837157956819433 1
919 0 doc766735065718186 1
921 0 doc8922470135347131 1
921 0 doc4746511137641620 1
921 0 doc3832957669189657 1
921 0 doc2435447165044085 1
921 0 doc482551013400931 1
922 0 doc1973878827354750 1
922 0 doc4186411197580812 1
922 0 doc5415710300902388 1
922 0 doc5571899755175457 1
922 0 doc6696857617864852 1
922 0 doc6806722604010480 1
922 0 doc7233450359051249 1
922 0 doc8948444880792780 1
922 0 doc2685286492991791 1
922 0 doc3340828165410597 1
928 0 doc1113234690255161 1
928 0 doc6435692548198017 1
928 0 doc6799776599317117 1
1011 0 doc4750838304742762 1
1011 0 doc8739431159426389 1
1011 0 doc8463458737785676 1
1011 0 doc7721483148298785 1
1011 0 doc7181547335252993 1
1011 0 doc6731029375224939 1
1011 0 doc6377288674588197 1
1011 0 doc4937676152604286 1
1011 0 doc4854372533657671 1
1170 0 doc4994942901309005 1
1170 0 doc1682621160901140 1
1170 0 doc370020634398898 1
1170 0 doc7233767393471644 1
1170 0 doc6378129193246016 1
1181 0 doc3828820650816481 1
1181 0 doc3832957669189657 1
1181 0 doc8218059267505950 1
1185 0 doc967035318418472 1
1185 0 doc1357061371579771 1
1185 0 doc3438388225100072 1
1185 0 doc3613722593784448 1
1185 0 doc5846645200230520 1
1185 0 doc7615891473051775 1
1185 0 doc8306415631811067 1
1185 0 doc1305553577433058 1
1203 0 doc4186411197580812 1
1203 0 doc8892459126928726 1
1203 0 doc5633763429024541 1
1203 0 doc5428410587250830 1
1203 0 doc4933620329566048 1
1203 0 doc3794477872946546 1
1203 0 doc3613722593784448 1
1203 0 doc1779931169656381 1
1203 0 doc1717412318563908 1
1203 0 doc1357061371579771 1
1203 0 doc967035318418472 1
1203 0 doc581412073128121 1
1240 0 doc1779931169656381 1
1240 0 doc4290808161139329 1
1240 0 doc2270654658839508 1
1249 0 doc751166458904189 1
1249 0 doc2679480309784746 1
1249 0 doc2725348719800518 1
1249 0 doc2745679186354681 1
1249 0 doc2841235947648623 1
1249 0 doc3964840204818021 1
1249 0 doc4643189791834470 1
1249 0 doc6723353746838236 1
1249 0 doc7107963864874501 1
1249 0 doc8730904907286096 1
1249 0 doc8860487726074063 1
1249 0 doc9335253053250984 1
1249 0 doc8280035478871760 1
1254 0 doc384816069731675 1
1254 0 doc2835093153489923 1
1254 0 doc3718352314610417 1
1254 0 doc4702999283260777 1
1254 0 doc5598322661148873 1
1254 0 doc7027792126979693 1
1254 0 doc8278472628252508 1
1254 0 doc8563794592947521 1
1254 0 doc3107924103069456 1
1264 0 doc5170293352882261 1
1264 0 doc8106459529828166 1
1264 0 doc7860759306517929 1
1264 0 doc7495729402863374 1
1264 0 doc7181616799746888 1
1264 0 doc7088639503480810 1
1264 0 doc7069264281185562 1
1264 0 doc6056793173053386 1
1264 0 doc5527724436785061 1
1264 0 doc5349557509612483 1
1264 0 doc5136341885052869 1
1264 0 doc4844986337654168 1
1264 0 doc4655532473617635 1
1264 0 doc3935055744673018 1
1264 0 doc3537062520522134 1
1264 0 doc8752453650114092 1
1264 0 doc3267843405581248 1
1264 0 doc2435447165044085 1
1264 0 doc774104601063155 1
1264 0 doc433763336350310 1
1264 0 doc251394799200508 1
1264 0 doc203267762283972 1
1264 0 doc3256932358053453 1
1268 0 doc7495729402863374 1
1268 0 doc7088639503480810 1
1268 0 doc8049184468038869 1
1268 0 doc7069264281185562 1
1268 0 doc4655532473617635 1
1268 0 doc4993204839198672 1
1268 0 doc4043924606392112 1
1268 0 doc774104601063155 1
1268 0 doc700137809969252 1
1268 0 doc6056793173053386 1
1268 0 doc426611082211389 1
1288 0 doc4746511137641620 1
1288 0 doc2325513222088331 1
1288 0 doc9071551767043294 1
1288 0 doc7710344461864924 1
1288 0 doc7151870174700608 1
1288 0 doc6870958743124961 1
1288 0 doc6564076531735310 1
1288 0 doc5846645200230520 1
1288 0 doc4720283421615359 1
1288 0 doc845421586641237 1
1293 0 doc2523040704958733 1
1293 0 doc7420544439193388 1
1293 0 doc2529945687863385 1
1293 0 doc8817420732602033 1
1293 0 doc4296348942225215 1
1293 0 doc3150103492877008 1
1302 0 doc4655532473617635 1
1302 0 doc4621534549550979 1
1302 0 doc3935055744673018 1
1302 0 doc3658669547742426 1
1302 0 doc3376750892363066 1
1302 0 doc3256932358053453 1
1302 0 doc2694197910478313 1
1302 0 doc7069264281185562 1
1302 0 doc8546635518344761 1
1302 0 doc4993204839198672 1
1302 0 doc8462865850328344 1
1302 0 doc7860759306517929 1
1302 0 doc7729955482153416 1
1302 0 doc7495729402863374 1
1302 0 doc5527724436785061 1
1379 0 doc6201224121456969 1
1379 0 doc6052239712915301 1
1379 0 doc3496070172209437 1
1379 0 doc7796654028353519 1
1385 0 doc2050094723109880 1
1385 0 doc3125269649173653 1
1385 0 doc4482652690766445 1
1385 0 doc8479803539567479 1
1385 0 doc8970751075617926 1
1385 0 doc2791913950833163 1
1385 0 doc278717765065500 1
1394 0 doc251394799200508 1
1394 0 doc278717765065500 1
1394 0 doc2791913950833163 1
1394 0 doc3125269649173653 1
1394 0 doc7436135069574190 1
1397 0 doc3641356939660511 1
1397 0 doc7282243679498643 1
1397 0 doc9065501029560884 1
1403 0 doc1055919327809289 1
1403 0 doc5949636124796250 1
1403 0 doc5527372479338852 1
1403 0 doc5366157471959981 1
1403 0 doc3663976246405654 1
1418 0 doc2325513222088331 1
1418 0 doc1717412318563908 1
1418 0 doc1357061371579771 1
1418 0 doc1305553577433058 1
1418 0 doc1036046601275319 1
1418 0 doc5633763429024541 1
1418 0 doc426611082211389 1
1418 0 doc581412073128121 1
1418 0 doc6310868104861653 1
1418 0 doc6372649810646310 1
1418 0 doc7710344461864924 1
1418 0 doc9325751411452030 1
1418 0 doc2918420759847932 1
1418 0 doc4186411197580812 1
1549 0 doc3971663510252293 1
1549 0 doc5582765254731004 1
1549 0 doc5860088594236271 1
1549 0 doc7572366766177648 1
1554 0 doc2515147908021339 1
1554 0 doc5486280310533660 1
1554 0 doc4299344810509965 1
1554 0 doc4643189791834470 1
1554 0 doc6460447408144781 1
1554 0 doc8049184468038869 1
1554 0 doc3445472713137548 1
1554 0 doc3919711591553904 1
1649 0 doc967035318418472 1
1649 0 doc4747666293431338 1
1649 0 doc5633763429024541 1
1670 0 doc5061261000226463 1
1670 0 doc5635972225700254 1
1670 0 doc2483185411923070 1
1686 0 doc8647270006257055 1
1686 0 doc9450460842293932 1
1686 0 doc6118207071870406 1
1686 0 doc4787380927153288 1
1686 0 doc4300201078050323 1
1686 0 doc4215849919453600 1
1686 0 doc3664073315037262 1
1686 0 doc2501991149911808 1
1686 0 doc1036046601275319 1
1686 0 doc932673194762377 1
1686 0 doc720020819590155 1
1686 0 doc2554853704952225 1
1686 0 doc516263904806475 1
1699 0 doc6478091924064864 1
1699 0 doc3935055744673018 1
1699 0 doc128689067297674 1
1715 0 doc7569445393485879 1
1715 0 doc2370717228259133 1
1715 0 doc2293023062054998 1
1715 0 doc589484713269268 1
1715 0 doc6509414402989975 1
1715 0 doc4679830870331445 1
1715 0 doc9848311210578810 1
1715 0 doc5984945942545807 1
1745 0 doc9273702863744424 1
1745 0 doc6041333024387123 1
1745 0 doc2137955582623291 1
1748 0 doc2685286492991791 1
1748 0 doc5719239270509869 1
1748 0 doc1608252203113404 1
1748 0 doc3675336131283739 1
1748 0 doc9273702863744424 1
1748 0 doc8463458737785676 1
1813 0 doc63745071964255 1
1813 0 doc8463458737785676 1
1813 0 doc7181547335252993 1
1813 0 doc5719239270509869 1
1813 0 doc1325667605623244 1
1813 0 doc1608252203113404 1
1822 0 doc3977660018939385 1
1822 0 doc4787380927153288 1
1822 0 doc4928616387172275 1
1822 0 doc5719239270509869 1
1822 0 doc3971396576832634 1
1822 0 doc5759795720652106 1
1822 0 doc6562497517787376 1
1822 0 doc6712204853062196 1
1822 0 doc7168284647925847 1
1822 0 doc7181547335252993 1
1822 0 doc7435229418765108 1
1822 0 doc8241999499678979 1
1822 0 doc8463458737785676 1
1822 0 doc9093965063812492 1
1822 0 doc2253678905578777 1
1822 0 doc1973878827354750 1
1822 0 doc535860239259102 1
1822 0 doc1325667605623244 1
1822 0 doc890857354198687 1
1822 0 doc161925591909696 1
1822 0 doc63745071964255 1
1822 0 doc1608252203113404 1
1847 0 doc2401311988343812 1
1847 0 doc2747150211073176 1
1847 0 doc3977660018939385 1
1847 0 doc4139866243228811 1
1847 0 doc4787380927153288 1
1847 0 doc4897726772361601 1
1847 0 doc5719239270509869 1
1847 0 doc6562497517787376 1
1847 0 doc2253678905578777 1
1847 0 doc6712204853062196 1
1847 0 doc6806722604010480 1
1847 0 doc7299082066704598 1
1847 0 doc7435229418765108 1
1847 0 doc7918352871713237 1
1847 0 doc8241999499678979 1
1847 0 doc6282229671610460 1
1847 0 doc1973878827354750 1
1847 0 doc1325667605623244 1
1847 0 doc8340344332209795 1
1847 0 doc1608252203113404 1
1847 0 doc9981984419027348 1
1847 0 doc8886217002903392 1
1847 0 doc63745071964255 1
1847 0 doc8492376468047417 1
1847 0 doc161925591909696 1
1847 0 doc517841867884236 1
1847 0 doc830926768091773 1
1847 0 doc128689067297674 1
1850 0 doc1077091269921532 1
1850 0 doc2691497637313274 1
1850 0 doc7721483148298785 1
1850 0 doc7817033448036400 1
1850 0 doc8201805132981288 1
1850 0 doc8647270006257055 1
1850 0 doc9859511150127352 1
1850 0 doc654596992211296 1
1850 0 doc63745071964255 1
1855 0 doc8563794592947521 1
1855 0 doc9497366266156796 1
1855 0 doc8278472628252508 1
1855 0 doc7027792126979693 1
1855 0 doc6999749984515755 1
1855 0 doc5552833362200954 1
1855 0 doc4702999283260777 1
1855 0 doc4120322936662925 1
1855 0 doc3774796917452801 1
1855 0 doc3718352314610417 1
1855 0 doc925726638062356 1
1855 0 doc4482652690766445 1
1855 0 doc229339143607870 1
1855 0 doc278717765065500 1
1890 0 doc8049184468038869 1
1890 0 doc6450292906586525 1
1890 0 doc5268607684223281 1
1890 0 doc8892459126928726 1
1890 0 doc4639530865431823 1
1890 0 doc4043924606392112 1
1890 0 doc2329499237357364 1
1890 0 doc762445046640965 1
1890 0 doc204571709680830 1
1931 0 doc4326514220673393 1
1931 0 doc6478091924064864 1
1931 0 doc5379077061489077 1
1931 0 doc4393307698703691 1
1931 0 doc4273689617987878 1
2124 0 doc2529945687863385 1
2124 0 doc2523040704958733 1
2124 0 doc845421586641237 1
2124 0 doc766735065718186 1
2124 0 doc433763336350310 1
2124 0 doc3107924103069456 1
2124 0 doc4720283421615359 1
2124 0 doc5598322661148873 1
2124 0 doc4482652690766445 1
2124 0 doc6233411996499255 1
2124 0 doc6564076531735310 1
2124 0 doc6870958743124961 1
2124 0 doc7151870174700608 1
2124 0 doc7938521661726069 1
2124 0 doc8754335906813622 1
2124 0 doc9071551767043294 1
2158 0 doc2770300692287670 1
2158 0 doc2554853704952225 1
2158 0 doc7938521661726069 1
2158 0 doc4702999283260777 1
2158 0 doc4991370267086347 1
2176 0 doc384816069731675 1
2176 0 doc1834035455867904 1
2176 0 doc4357242053529029 1
2176 0 doc4482652690766445 1
2176 0 doc4720283421615359 1
2176 0 doc6309609498284949 1
2176 0 doc7216933992248038 1
2176 0 doc8318944131166018 1
2176 0 doc8634866589762862 1
2176 0 doc5170293352882261 1
2214 0 doc3870300970951275 1
2214 0 doc6785547194105600 1
2214 0 doc8496716957724133 1
2278 0 doc4962820320879891 1
2278 0 doc8807333466702951 1
2278 0 doc8133660776746187 1
2278 0 doc7541486051032916 1
2278 0 doc6682919653508224 1
2278 0 doc5194381227316437 1
2278 0 doc3589012014320121 1
2278 0 doc3563923906851611 1
2278 0 doc3387018530825694 1
2278 0 doc2931270888717344 1
2278 0 doc1827829018668226 1
2278 0 doc1734032782594771 1
2278 0 doc84300900034108 1
2278 0 doc821562324429813 1
2324 0 doc4702999283260777 1
2324 0 doc8835491732653277 1
2324 0 doc7464190101117707 1
2324 0 doc973550817356564 1
2324 0 doc1530363715825171 1
2324 0 doc6465314260773099 1
2355 0 doc89739298242263 1
2355 0 doc277415539607307 1
2355 0 doc6425044612146340 1
2355 0 doc8241999499678979 1
2427 0 doc1608252203113404 1
2427 0 doc1973878827354750 1
2427 0 doc3971396576832634 1
2427 0 doc3977660018939385 1
2427 0 doc5759795720652106 1
2427 0 doc7435229418765108 1
2427 0 doc7299082066704598 1
2438 0 doc560039556461253 1
2438 0 doc3455204481678421 1
2438 0 doc8293766070107110 1
2438 0 doc8643734175886873 1
2546 0 doc1104988511999827 1
2546 0 doc1224532648969159 1
2546 0 doc2888737036015916 1
2546 0 doc4542759243110371 1
2546 0 doc5368167403557640 1
2546 0 doc308213196926774 1
2581 0 doc6478091924064864 1
2581 0 doc8858800699425352 1
2581 0 doc8106459529828166 1
2581 0 doc7708469164258322 1
2581 0 doc6474240798904132 1
2581 0 doc5305326747268396 1
2581 0 doc4326514220673393 1
2581 0 doc2747150211073176 1
2581 0 doc2253678905578777 1
2581 0 doc1036046601275319 1
2581 0 doc517841867884236 1
2581 0 doc2121686219033754 1
2581 0 doc128404227626176 1
2696 0 doc4585253466628293 1
2696 0 doc1326529185989327 1
2696 0 doc3729715298008025 1
2696 0 doc95550072802463 1
2696 0 doc970789513843822 1
2696 0 doc1537768249023926 1
2711 0 doc211323355347168 1
2711 0 doc807993828734491 1
2711 0 doc4313266994385427 1
2711 0 doc4702999283260777 1
2711 0 doc6378129193246016 1
2711 0 doc8079423496391852 1
2711 0 doc8243102075060800 1
2711 0 doc8280035478871760 1
2772 0 doc3551809247862378 1
2772 0 doc9092587237114334 1
2772 0 doc7489482613903725 1
2772 0 doc3429432950576137 1
2772 0 doc6261175351521953 1
2772 0 doc5249973626810280 1
2772 0 doc4589542599288419 1
2772 0 doc472856771871140 1
2772 0 doc1780902767520967 1
2813 0 doc3559042497669898 1
2813 0 doc3446817929796674 1
2813 0 doc1154078371182103 1
2813 0 doc2887736963561252 1
2947 0 doc3569531507114017 1
2947 0 doc3977660018939385 1
2947 0 doc4361220072322558 1
2947 0 doc5493283201428571 1
2947 0 doc6284168579617066 1
2947 0 doc7109489698613515 1
2947 0 doc7998391975397420 1
2947 0 doc2713375538068664 1
2947 0 doc8582867831317500 1
2947 0 doc9848311210578810 1
2947 0 doc2293023062054998 1
2947 0 doc2065104260659969 1
2947 0 doc1966638146185479 1
2947 0 doc1623651835700843 1
2947 0 doc653707912025034 1
2947 0 doc291695624884565 1
2947 0 doc223997495223283 1
3002 0 doc4621534549550979 1
3002 0 doc3837157956819433 1
3002 0 doc1422895308009825 1
3002 0 doc970789513843822 1
3073 0 doc5493283201428571 1
3073 0 doc6446047463034654 1
3073 0 doc6911356765220023 1
3073 0 doc7109489698613515 1
3073 0 doc7569445393485879 1
3073 0 doc7690248628577122 1
3073 0 doc7707689065994575 1
3073 0 doc7797886762703247 1
3073 0 doc7873530684119035 1
3073 0 doc7998391975397420 1
3073 0 doc8231471391500358 1
3073 0 doc8614762185596299 1
3073 0 doc4361220072322558 1
3073 0 doc4236800519243308 1
3073 0 doc488118520354559 1
3073 0 doc2713375538068664 1
3073 0 doc2391615767440759 1
3073 0 doc9848311210578810 1
3073 0 doc291695624884565 1
3073 0 doc3296934538404596 1
3217 0 doc2935052598064187 1
3217 0 doc4602221579308599 1
3217 0 doc7396818382676736 1
3217 0 doc8265116967095452 1
3217 0 doc2828124381670231 1
3511 0 doc1973878827354750 1
3511 0 doc3192797452693362 1
3511 0 doc4300201078050323 1
3511 0 doc6562497517787376 1
3511 0 doc6985916875607463 1
3511 0 doc9194357390613404 1
3511 0 doc442161398765567 1
3515 0 doc128689067297674 1
3515 0 doc3935055744673018 1
3515 0 doc5814379117254232 1
3660 0 doc3595605534544460 1
3660 0 doc2888737036015916 1
3660 0 doc308213196926774 1
3722 0 doc4175509016219914 1
3722 0 doc4210289862552350 1
3722 0 doc143397497562314 1
3758 0 doc8293766070107110 1
3758 0 doc4236800519243308 1
3758 0 doc143397497562314 1
3819 0 doc6532338737692493 1
3819 0 doc1187896035778213 1
3819 0 doc5265254209364825 1
3860 0 doc145887238250184 1
3860 0 doc8886634592087842 1
3860 0 doc6505039023842313 1
3860 0 doc1780902767520967 1
3860 0 doc1123376648713853 1
3861 0 doc1780902767520967 1
3861 0 doc1123376648713853 1
3861 0 doc731606611183670 1
3861 0 doc145887238250184 1
3861 0 doc7541486051032916 1
3861 0 doc4962820320879891 1
3861 0 doc2854771102810220 1
3861 0 doc4765080870408661 1
3929 0 doc8047078292358267 1
3929 0 doc2835093153489923 1
3929 0 doc1357061371579771 1
4067 0 doc5653559772140199 1
4067 0 doc4821257969996926 1
4067 0 doc2413108146059860 1
4067 0 doc1779931169656381 1
4067 0 doc4991370267086347 1
4099 0 doc161925591909696 1
4099 0 doc1973878827354750 1
4099 0 doc4897726772361601 1
4099 0 doc1008924786363328 1
4100 0 doc161925591909696 1
4100 0 doc516263904806475 1
4100 0 doc1226310620935808 1
4100 0 doc1339618330655263 1
4100 0 doc2662364620923506 1
4100 0 doc4149038575526706 1
4100 0 doc3971396576832634 1
4100 0 doc6562497517787376 1
4100 0 doc5450087410078221 1
4100 0 doc8721994758453503 1
4100 0 doc7645303175022454 1
4100 0 doc4300201078050323 1
4100 0 doc5420932551635217 1
4106 0 doc4149038575526706 1
4106 0 doc4186411197580812 1
4106 0 doc4550717883781091 1
4106 0 doc5465930712415985 1
4106 0 doc6249814039461102 1
4106 0 doc6696857617864852 1
4106 0 doc7282243679498643 1
4106 0 doc3720190068644174 1
4106 0 doc9080862012369372 1
4106 0 doc8922470135347131 1
4106 0 doc8721994758453503 1
4106 0 doc8340344332209795 1
4106 0 doc7645303175022454 1
4106 0 doc7605544176812022 1
4106 0 doc7525404075009709 1
4106 0 doc7359896733836304 1
4106 0 doc6712204853062196 1
4106 0 doc3340828165410597 1
4106 0 doc2364470149264554 1
4106 0 doc2253678905578777 1
4106 0 doc2160668047976488 1
4106 0 doc2129963760543898 1
4106 0 doc2069437408328707 1
4106 0 doc2011798051420211 1
4106 0 doc1049734269570870 1
4106 0 doc1008924786363328 1
4106 0 doc482551013400931 1
4106 0 doc161925591909696 1
4108 0 doc3977660018939385 1
4108 0 doc4139866243228811 1
4108 0 doc5719239270509869 1
4108 0 doc6562497517787376 1
4108 0 doc8340344332209795 1
4108 0 doc517841867884236 1
4108 0 doc161925591909696 1
4126 0 doc4326514220673393 1
4126 0 doc4897726772361601 1
4126 0 doc1973878827354750 1
4405 0 doc762445046640965 1
4405 0 doc5486280310533660 1
4405 0 doc4299344810509965 1
4405 0 doc3919711591553904 1
4405 0 doc8049184468038869 1
4487 0 doc1409610093547012 1
4487 0 doc3033400086575581 1
4487 0 doc3832957669189657 1
4487 0 doc4109929118508186 1
4487 0 doc4367729354437118 1
4487 0 doc6815299644750648 1
4487 0 doc7181616799746888 1
4487 0 doc3274735424220270 1
4487 0 doc3267843405581248 1
4488 0 doc4276461258660191 1
4488 0 doc8508457798254482 1
4488 0 doc5923720330718235 1
4592 0 doc2725348719800518 1
4592 0 doc2762761928704612 1
4592 0 doc2770300692287670 1
4592 0 doc3718352314610417 1
4592 0 doc3769826743537934 1
4592 0 doc4234180673609380 1
4592 0 doc2658762200370578 1
4592 0 doc4671203889895341 1
4592 0 doc6972046707805449 1
4592 0 doc6465314260773099 1
4592 0 doc6460447408144781 1
4592 0 doc6378129193246016 1
4592 0 doc6200337581440834 1
4592 0 doc4313266994385427 1
4592 0 doc5486280310533660 1
4592 0 doc4702999283260777 1
4592 0 doc7276765928582051 1
4592 0 doc2554853704952225 1
4592 0 doc7938521661726069 1
4592 0 doc2034064321016097 1
4592 0 doc1682621160901140 1
4592 0 doc521334155968808 1
4592 0 doc8079423496391852 1
4592 0 doc8243102075060800 1
4592 0 doc9904579095302578 1
4592 0 doc7331062615542814 1
4592 0 doc2543067198319684 1
4887 0 doc9670001528699130 1
4887 0 doc7860759306517929 1
4887 0 doc6248532093883975 1
4887 0 doc5588600593216123 1
4887 0 doc654750186618555 1
4887 0 doc7109489698613515 1
4887 0 doc291695624884565 1
5165 0 doc2158196443144675 1
5165 0 doc5187181156228197 1
5165 0 doc8586805521593519 1
5165 0 doc9157226124301186 1
5165 0 doc3784957422020764 1
5209 0 doc5719239270509869 1
5209 0 doc3752951275341381 1
5209 0 doc1608252203113404 1
5214 0 doc4415912100389601 1
5214 0 doc2543067198319684 1
5214 0 doc2529689139869418 1
5214 0 doc1422895308009825 1
5214 0 doc970789513843822 1
5214 0 doc807993828734491 1
5214 0 doc482551013400931 1
5214 0 doc278717765065500 1
5214 0 doc3641356939660511 1
5214 0 doc3413970389346369 1
5214 0 doc6216261423282706 1
5214 0 doc7966465975599953 1
5214 0 doc8754335906813622 1
5214 0 doc8835491732653277 1
5214 0 doc2762761928704612 1
5382 0 doc916805360400109 1
5382 0 doc1183078302328411 1
5382 0 doc1409610093547012 1
5382 0 doc1834035455867904 1
5382 0 doc3192535148881095 1
5382 0 doc3427260889880733 1
5382 0 doc7027792126979693 1
5382 0 doc7285303481051362 1
5382 0 doc422319714962244 1
5398 0 doc7331062615542814 1
5398 0 doc8563794592947521 1
5398 0 doc3718352314610417 1
5398 0 doc3150103492877008 1
5398 0 doc2523040704958733 1
5398 0 doc916805360400109 1
5404 0 doc2762547320425528 1
5404 0 doc4720283421615359 1
5404 0 doc5170293352882261 1
5404 0 doc7216933992248038 1
5404 0 doc3767979348338740 1
5404 0 doc4482652690766445 1
5737 0 doc5104380991908142 1
5737 0 doc8031266925341697 1
5737 0 doc9973065319516772 1
5737 0 doc3870300970951275 1
5737 0 doc1601050225496140 1
5750 0 doc4204411370971869 1
5750 0 doc5012323059073352 1
5750 0 doc8031266925341697 1
5919 0 doc9497366266156796 1
5919 0 doc4702999283260777 1
5919 0 doc8278472628252508 1
6113 0 doc1528177121436914 1
6113 0 doc565062540207457 1
6113 0 doc8835491732653277 1
6113 0 doc7464190101117707 1
6113 0 doc3769826743537934 1
6113 0 doc973550817356564 1
6113 0 doc218004426204544 1
6138 0 doc8817420732602033 1
6138 0 doc8080838290715777 1
6138 0 doc3192535148881095 1
6138 0 doc2280062846829854 1
6138 0 doc973550817356564 1
6138 0 doc565062540207457 1
6138 0 doc422319714962244 1
6293 0 doc484982277336205 1
6293 0 doc4216801992845696 1
6293 0 doc2714004273523549 1
6293 0 doc589484713269268 1
6293 0 doc9670001528699130 1
6293 0 doc3012908001422868 1
6293 0 doc1258429277577053 1
6432 0 doc8218059267505950 1
6432 0 doc7305428791149745 1
6432 0 doc6171517695707255 1
6432 0 doc4581537476491370 1
6432 0 doc3107924103069456 1
6432 0 doc2957078821185186 1
6432 0 doc845421586641237 1
6432 0 doc589484713269268 1
6625 0 doc807993828734491 1
6625 0 doc1537768249023926 1
6625 0 doc509655225224036 1
6625 0 doc4719266902582313 1
6625 0 doc4824419385318370 1
6625 0 doc5349557509612483 1
6625 0 doc5783141369706484 1
6625 0 doc8488895049659124 1
6625 0 doc970789513843822 1
6625 0 doc1361522424662664 1
6648 0 doc639583185408398 1
6648 0 doc1326529185989327 1
6648 0 doc3729715298008025 1
6648 0 doc3837157956819433 1
6648 0 doc6173079781961074 1
6657 0 doc1906784092048967 1
6657 0 doc4621534549550979 1
6657 0 doc4824419385318370 1
6657 0 doc1361522424662664 1
6700 0 doc8739431159426389 1
6700 0 doc6341248082936350 1
6700 0 doc4739118307577897 1
6700 0 doc4216801992845696 1
6700 0 doc1258429277577053 1
6700 0 doc492925975883915 1
6700 0 doc484982277336205 1
6850 0 doc7040082970555770 1
6850 0 doc3583817683372046 1
6850 0 doc4273689617987878 1
6850 0 doc4344790398205987 1
6850 0 doc2402401592333107 1
6850 0 doc4548734294382889 1
6850 0 doc6212006974231025 1
6850 0 doc6731029375224939 1
6850 0 doc7529510499149375 1
6850 0 doc7860759306517929 1
6850 0 doc8032871065166582 1
6850 0 doc8400994037688251 1
6850 0 doc8797735093080763 1
6850 0 doc9978219072711522 1
6850 0 doc5391801774050611 1
6850 0 doc382135664206404 1
6869 0 doc8901320181295016 1
6869 0 doc4054756781423727 1
6869 0 doc8626964624628522 1
6869 0 doc4394162331037750 1
6928 0 doc3256932358053453 1
6928 0 doc3376750892363066 1
6928 0 doc7860759306517929 1
6928 0 doc7088639503480810 1
6928 0 doc4993204839198672 1
6928 0 doc6999749984515755 1
7160 0 doc3267843405581248 1
7160 0 doc4655532473617635 1
7160 0 doc7069264281185562 1
7160 0 doc7860759306517929 1
7164 0 doc3267843405581248 1
7164 0 doc5882662534904226 1
7164 0 doc7088639503480810 1
7164 0 doc3033400086575581 1
7170 0 doc1680065573338339 1
7170 0 doc3256932358053453 1
7170 0 doc3658669547742426 1
7170 0 doc3935055744673018 1
7170 0 doc7729955482153416 1
7170 0 doc8752453650114092 1
7184 0 doc6167112361623319 1
7184 0 doc5456839333813472 1
7184 0 doc700137809969252 1
7372 0 doc5667657258894864 1
7372 0 doc621002533579104 1
7372 0 doc7249500407405478 1
7696 0 doc3314639624288740 1
7696 0 doc1190700200800606 1
7696 0 doc484982277336205 1
7696 0 doc8739431159426389 1
7712 0 doc2506452256257692 1
7712 0 doc3638659317775453 1
7712 0 doc7669967284860729 1
7776 0 doc4415912100389601 1
7776 0 doc970789513843822 1
7776 0 doc1779931169656381 1
7776 0 doc8860487726074063 1
7776 0 doc8730904907286096 1
7776 0 doc7966465975599953 1
7776 0 doc7331062615542814 1
7776 0 doc6682919653508224 1
7776 0 doc2762761928704612 1
7776 0 doc6044001261072009 1
7776 0 doc5783141369706484 1
7776 0 doc4719266902582313 1
7776 0 doc4313266994385427 1
7776 0 doc6378129193246016 1
7776 0 doc1422895308009825 1
8089 0 doc4792955482152100 1
8089 0 doc7445996639798624 1
8089 0 doc7527179767450432 1
8089 0 doc7529510499149375 1
8089 0 doc8391182235603982 1
8089 0 doc3555567955507382 1
8089 0 doc5882662534904226 1
8180 0 doc1422895308009825 1
8180 0 doc278717765065500 1
8180 0 doc509655225224036 1
8180 0 doc1361522424662664 1
8180 0 doc1537768249023926 1
8180 0 doc4585253466628293 1
8180 0 doc4824419385318370 1
8180 0 doc5349557509612483 1
8180 0 doc5783141369706484 1
8180 0 doc8546635518344761 1
8180 0 doc5006741787749124 1
8194 0 doc6999749984515755 1
8194 0 doc3658669547742426 1
8194 0 doc1537768249023926 1
8194 0 doc1569228929685657 1
8194 0 doc1829406809818626 1
8195 0 doc7027792126979693 1
8195 0 doc8080838290715777 1
8195 0 doc278717765065500 1
8195 0 doc565062540207457 1
8195 0 doc1405345303844318 1
8195 0 doc1528177121436914 1
8195 0 doc6233411996499255 1
8195 0 doc8835491732653277 1
8195 0 doc3413970389346369 1
8268 0 doc967035318418472 1
8268 0 doc5465930712415985 1
8268 0 doc8047078292358267 1
8268 0 doc8897713171950671 1
8420 0 doc3340828165410597 1
8420 0 doc3720190068644174 1
8420 0 doc4186411197580812 1
8420 0 doc5465930712415985 1
8420 0 doc6055327284413923 1
8420 0 doc2129963760543898 1
8420 0 doc6249814039461102 1
8420 0 doc7645303175022454 1
8420 0 doc8241999499678979 1
8420 0 doc2662364620923506 1
8420 0 doc2011798051420211 1
8420 0 doc1351748125964309 1
8490 0 doc2158196443144675 1
8490 0 doc6328263723211152 1
8490 0 doc9171504422944800 1
8490 0 doc6282229671610460 1
8490 0 doc9157226124301186 1
8581 0 doc1682621160901140 1
8581 0 doc3769826743537934 1
8581 0 doc4702999283260777 1
8581 0 doc8079423496391852 1
9085 0 doc1612969183171944 1
9085 0 doc7930540518087267 1
9085 0 doc8528934713225115 1
9085 0 doc5317385915649516 1
9277 0 doc4313266994385427 1
9277 0 doc5486280310533660 1
9277 0 doc6173079781961074 1
9638 0 doc544144585124313 1
9638 0 doc3897283209013869 1
9638 0 doc6492048904483467 1
9638 0 doc7206289057139883 1
9782 0 doc6928187292584643 1
9782 0 doc4675204840701752 1
9782 0 doc7740917144757410 1
9782 0 doc2382340975364628 1
9782 0 doc3155603065610018 1
9782 0 doc9273702863744424 1
9782 0 doc1364246301366731 1
9782 0 doc1325247019367288 1
10018 0 doc8231471391500358 1
10018 0 doc7249500407405478 1
10018 0 doc5667657258894864 1
10018 0 doc5373038582397407 1
10018 0 doc2065104260659969 1
10194 0 doc8401671962644482 1
10194 0 doc6841118121493906 1
10194 0 doc6309609498284949 1
10194 0 doc8922470135347131 1
10194 0 doc5170293352882261 1
10194 0 doc3718352314610417 1
10194 0 doc422319714962244 1
10194 0 doc4746511137641620 1
10440 0 doc2145668168587564 1
10440 0 doc5104380991908142 1
10440 0 doc6785547194105600 1
10440 0 doc7385883792624886 1
10440 0 doc8031266925341697 1
10440 0 doc4204411370971869 1
10551 0 doc351531509597193 1
10551 0 doc1829406809818626 1
10551 0 doc2694197910478313 1
10551 0 doc6998917765406696 1
10561 0 doc8278472628252508 1
10561 0 doc8563794592947521 1
10561 0 doc351531509597193 1
10619 0 doc4361220072322558 1
10619 0 doc9848311210578810 1
10619 0 doc7690248628577122 1
10619 0 doc7569445393485879 1
10619 0 doc7998391975397420 1
10667 0 doc4993204839198672 1
10667 0 doc6450292906586525 1
10667 0 doc7860759306517929 1
10813 0 doc516941410000104 1
10813 0 doc2961250776014138 1
10813 0 doc3714905065293466 1
10813 0 doc3870300970951275 1
10813 0 doc4204411370971869 1
10813 0 doc8496716957724133 1
10813 0 doc1479038203388369 1
10951 0 doc4054756781423727 1
10951 0 doc8886634592087842 1
10951 0 doc4470985193764980 1
11694 0 doc471595469074043 1
11694 0 doc6405951782839858 1
11694 0 doc9089204821424223 1
11694 0 doc4643608666899616 1
11964 0 doc970789513843822 1
11964 0 doc2280062846829854 1
11964 0 doc2323085679807602 1
11964 0 doc2935371042756080 1
11964 0 doc3205712027513800 1
11964 0 doc3355141192938134 1
11964 0 doc4068903193779093 1
11964 0 doc4639530865431823 1
11964 0 doc4824419385318370 1
11964 0 doc5783141369706484 1
11964 0 doc5828464492633734 1
11964 0 doc6465314260773099 1
11964 0 doc6780184620648314 1
11964 0 doc7331062615542814 1
11964 0 doc8243102075060800 1
11964 0 doc8855936483074666 1
11964 0 doc9106641700554750 1
11964 0 doc6408169127073219 1
12005 0 doc4747666293431338 1
12005 0 doc7615891473051775 1
12005 0 doc7710344461864924 1
12059 0 doc1602277501575415 1
12059 0 doc3394181280355442 1
12059 0 doc3971663510252293 1
12059 0 doc5588269274851789 1
12248 0 doc3989136572460030 1
12248 0 doc7690248628577122 1
12248 0 doc8867390850809735 1
12248 0 doc9848311210578810 1
12248 0 doc7312223977002681 1
12572 0 doc8721994758453503 1
12572 0 doc8340344332209795 1
12572 0 doc7605544176812022 1
12572 0 doc3720190068644174 1
12572 0 doc6249814039461102 1
12572 0 doc2129963760543898 1
12572 0 doc1608392890165390 1
12572 0 doc676101131499422 1
12572 0 doc6985916875607463 1
12754 0 doc9867636928092492 1
12754 0 doc8546635518344761 1
12754 0 doc8488895049659124 1
12754 0 doc8352745170435172 1
12754 0 doc7107963864874501 1
12754 0 doc7106998317216646 1
12754 0 doc5349557509612483 1
12754 0 doc4621534549550979 1
12754 0 doc3964840204818021 1
12754 0 doc3658669547742426 1
12754 0 doc2815105916715425 1
12754 0 doc649912135067700 1
12754 0 doc574180390413250 1
12754 0 doc426611082211389 1
12754 0 doc4639530865431823 1
12754 0 doc1569228929685657 1
12754 0 doc7011592935958198 1
12877 0 doc7034773971317045 1
12877 0 doc5588269274851789 1
12877 0 doc3971663510252293 1
12877 0 doc3394181280355442 1
12877 0 doc2275032719586397 1
12877 0 doc1694260923221276 1
12878 0 doc6509414402989975 1
12878 0 doc7552747227876113 1
12878 0 doc1519722333222743 1
12931 0 doc5183458350445779 1
12931 0 doc2302429651674634 1
12931 0 doc482551013400931 1
12931 0 doc9157872297410868 1
12931 0 doc9469987954896496 1
12931 0 doc7884742100487918 1
12931 0 doc8783964270386788 1
12969 0 doc639583185408398 1
12969 0 doc1326529185989327 1
12969 0 doc3729715298008025 1
12973 0 doc8546635518344761 1
12973 0 doc970789513843822 1
12973 0 doc1361522424662664 1
12973 0 doc1906784092048967 1
12973 0 doc4719266902582313 1
12973 0 doc4824419385318370 1
12973 0 doc5349557509612483 1
12973 0 doc8488895049659124 1
12973 0 doc1537768249023926 1
12976 0 doc1422895308009825 1
12976 0 doc5783141369706484 1
12976 0 doc8860487726074063 1
12976 0 doc970789513843822 1
12976 0 doc3837157956819433 1
12976 0 doc4824419385318370 1
12976 0 doc4313266994385427 1
13079 0 doc3769826743537934 1
13079 0 doc6266684004174408 1
13079 0 doc7304216246785522 1
13079 0 doc8590492866942091 1
13088 0 doc2529689139869418 1
13088 0 doc5759795720652106 1
13088 0 doc6446612054631446 1
13469 0 doc455487141833418 1
13469 0 doc5996993884846655 1
13469 0 doc1123376648713853 1
13469 0 doc6505039023842313 1
13469 0 doc7014991384513854 1
13469 0 doc8886634592087842 1
13469 0 doc9140990601961322 1
13469 0 doc3457219624656691 1
13469 0 doc990344839864230 1
13469 0 doc4962820320879891 1
13471 0 doc1132672107627968 1
13471 0 doc4394162331037750 1
13471 0 doc7606805059403041 1
14049 0 doc477045906733254 1
14049 0 doc5768000922241088 1
14049 0 doc7572366766177648 1
14049 0 doc8582867831317500 1
14128 0 doc1696597030678586 1
14128 0 doc1708237858198821 1
14128 0 doc4120322936662925 1
14128 0 doc4463851260628939 1
14128 0 doc9080862012369372 1
14128 0 doc482551013400931 1
14148 0 doc482551013400931 1
14148 0 doc2247991541439424 1
14148 0 doc2302429651674634 1
14148 0 doc4804205224697296 1
14148 0 doc5588269274851789 1
14148 0 doc6216261423282706 1
14148 0 doc9469987954896496 1
14417 0 doc488118520354559 1
14417 0 doc1050516524103988 1
14417 0 doc8302650734477213 1
14417 0 doc7572366766177648 1
14492 0 doc3663976246405654 1
14492 0 doc3977660018939385 1
14492 0 doc5366157471959981 1
14492 0 doc5814379117254232 1
14492 0 doc5969636750048659 1
14492 0 doc7417258240533689 1
14492 0 doc8886217002903392 1
14589 0 doc8280035478871760 1
14589 0 doc7050638697696950 1
14589 0 doc3781815204303241 1
14589 0 doc3981568451860330 1
14589 0 doc3394181280355442 1
14969 0 doc9848311210578810 1
14969 0 doc7690248628577122 1
14969 0 doc4175509016219914 1
14969 0 doc3989136572460030 1
14969 0 doc4361220072322558 1
14978 0 doc1602277501575415 1
14978 0 doc7569445393485879 1
14978 0 doc7690248628577122 1
14978 0 doc7998391975397420 1
14978 0 doc9848311210578810 1
14978 0 doc7797886762703247 1
15431 0 doc973550817356564 1
15431 0 doc4702999283260777 1
15431 0 doc7331062615542814 1
15431 0 doc9787209999258590 1
15774 0 doc2714004273523549 1
15774 0 doc5873636553295704 1
15774 0 doc3314639624288740 1
16217 0 doc4999509031047259 1
16217 0 doc4703015447173949 1
16217 0 doc4204411370971869 1
16244 0 doc539134068708725 1
16244 0 doc3991335284097878 1
16244 0 doc4999509031047259 1
16244 0 doc1883927036650646 1
16244 0 doc3417734567782570 1
16922 0 doc5554472337681978 1
16922 0 doc5969636750048659 1
16922 0 doc6885920219067791 1
16922 0 doc8886217002903392 1
16960 0 doc8355947667910941 1
16960 0 doc3302216368941503 1
16960 0 doc5969636750048659 1
16960 0 doc8391627429679768 1
17071 0 doc904596179326111 1
17071 0 doc2247991541439424 1
17071 0 doc3996404760945509 1
17071 0 doc4713778521629486 1
17071 0 doc4804205224697296 1
17071 0 doc6216261423282706 1
17071 0 doc7259294879683133 1
17071 0 doc9469987954896496 1
17078 0 doc6216261423282706 1
17078 0 doc2247991541439424 1
17078 0 doc2302429651674634 1
17078 0 doc3996404760945509 1
17078 0 doc7090419604571199 1
17078 0 doc7506578377321090 1
17078 0 doc9469987954896496 1
17078 0 doc6501120313475077 1
17078 0 doc4804205224697296 1
17182 0 doc1888879974374014 1
17182 0 doc1966638146185479 1
17182 0 doc9670001528699130 1
17182 0 doc5493283201428571 1
17182 0 doc2065104260659969 1
17182 0 doc9848311210578810 1
17182 0 doc7998391975397420 1
17182 0 doc7821202163306775 1
17182 0 doc7797886762703247 1
17182 0 doc4361220072322558 1
17182 0 doc7569445393485879 1
17182 0 doc7456235597127456 1
17182 0 doc7328854929044759 1
17182 0 doc6446047463034654 1
17182 0 doc7690248628577122 1
17182 0 doc6284168579617066 1
17200 0 doc9848311210578810 1
17200 0 doc7569445393485879 1
17200 0 doc7109489698613515 1
17200 0 doc7690248628577122 1
17200 0 doc4361220072322558 1
17200 0 doc2876196606157039 1
17200 0 doc1623651835700843 1
17200 0 doc6446047463034654 1
17200 0 doc6150944383255830 1
17807 0 doc1254836315844697 1
17807 0 doc3981568451860330 1
17807 0 doc5873636553295704 1
17807 0 doc6207084434110255 1
17807 0 doc6284168579617066 1
18019 0 doc4692980070480625 1
18019 0 doc6309609498284949 1
18019 0 doc8634866589762862 1
18019 0 doc3658669547742426 1
18114 0 doc4254001833729264 1
18114 0 doc7137178343756327 1
18114 0 doc8807333466702951 1
18114 0 doc8903183021436431 1
18114 0 doc611351138131709 1
18137 0 doc611351138131709 1
18137 0 doc4254001833729264 1
18137 0 doc7137178343756327 1
18137 0 doc8807333466702951 1
18137 0 doc8903183021436431 1
18137 0 doc9836776931160228 1
18142 0 doc7913302545613108 1
18142 0 doc611351138131709 1
18142 0 doc2931270888717344 1
18142 0 doc8626964624628522 1
18142 0 doc8807333466702951 1
18142 0 doc8903183021436431 1
18142 0 doc9836776931160228 1
18142 0 doc7541486051032916 1
19128 0 doc8703127071027272 1
19128 0 doc653707912025034 1
19128 0 doc1254836315844697 1
19128 0 doc2713375538068664 1
19128 0 doc2714004273523549 1
19128 0 doc4361220072322558 1
19128 0 doc6284168579617066 1
19128 0 doc9848311210578810 1
19128 0 doc7690248628577122 1
19128 0 doc6413207883357197 1
19177 0 doc6472062816736936 1
19177 0 doc3971396576832634 1
19177 0 doc9093965063812492 1
19608 0 doc2160668047976488 1
19608 0 doc3340828165410597 1
19608 0 doc3720190068644174 1
19608 0 doc3971396576832634 1
19608 0 doc676101131499422 1
19994 0 doc1305553577433058 1
19994 0 doc7532334620264577 1
19994 0 doc9032973705204320 1
21303 0 doc3919711591553904 1
21303 0 doc6150649178925775 1
21303 0 doc6593457386037361 1
23111 0 doc5898801580033554 1
23111 0 doc4602221579308599 1
23111 0 doc2002515486942024 1
23807 0 doc1694260923221276 1
23807 0 doc2275032719586397 1
23807 0 doc7034773971317045 1
23822 0 doc1602277501575415 1
23822 0 doc3394181280355442 1
23822 0 doc3971663510252293 1
23822 0 doc5061261000226463 1
23822 0 doc5582765254731004 1
23822 0 doc9529870514669368 1
25826 0 doc1409610093547012 1
25826 0 doc3832957669189657 1
25826 0 doc3274735424220270 1
25982 0 doc4747666293431338 1
25982 0 doc5633763429024541 1
25982 0 doc6029111646602279 1
25982 0 doc1050709055776428 1
25982 0 doc8218059267505950 1
25982 0 doc8302605179522059 1
25982 0 doc9325751411452030 1
25982 0 doc2325513222088331 1
26784 0 doc3446817929796674 1
26784 0 doc3551809247862378 1
26784 0 doc4254001833729264 1
26784 0 doc4735402469304632 1
26784 0 doc4854372533657671 1
26784 0 doc9092587237114334 1
26975 0 doc2097340857065853 1
26975 0 doc3794241680729178 1
26975 0 doc5118629875846648 1
26975 0 doc5377746284077362 1
26975 0 doc5936682335701497 1
26975 0 doc9092587237114334 1
26975 0 doc990344839864230 1
27959 0 doc2293023062054998 1
27959 0 doc4185521570721716 1
27959 0 doc7690248628577122 1
27959 0 doc9848311210578810 1
28642 0 doc8273262094488441 1
28642 0 doc8302650734477213 1
28642 0 doc8614762185596299 1
28877 0 doc2110280056340736 1
28877 0 doc3769826743537934 1
28877 0 doc2554853704952225 1
28877 0 doc2725348719800518 1
28877 0 doc4351583784137968 1
28877 0 doc5828464492633734 1
28877 0 doc7331062615542814 1
28877 0 doc2280062846829854 1
28877 0 doc2762761928704612 1
31333 0 doc1870389730408675 1
31333 0 doc4643608666899616 1
31333 0 doc9092587237114334 1
31354 0 doc3457219624656691 1
31354 0 doc5885575084085406 1
31354 0 doc6261175351521953 1
31428 0 doc3457219624656691 1
31428 0 doc3527197809276361 1
31428 0 doc6261175351521953 1
31877 0 doc3555567955507382 1
31877 0 doc6912702802413733 1
34427 0 doc2019624495480547 1
34427 0 doc2538824540800669 1
34427 0 doc7783163368484914 1
34427 0 doc8884890472193474 1
37399 0 doc2019624495480547 1
37399 0 doc4739118307577897 1
37399 0 doc5572050278838550 1
37399 0 doc7686768230673663 1
37399 0 doc8716772787552224 1
40742 0 doc7729955482153416 1
40742 0 doc1680065573338339 1
40742 0 doc3376750892363066 1
40742 0 doc6999749984515755 1
40742 0 doc3935055744673018 1
41623 0 doc4703015447173949 1
41623 0 doc3870300970951275 1
41623 0 doc2145668168587564 1
47873 0 doc9469987954896496 1
47873 0 doc3996404760945509 1
47873 0 doc2247991541439424 1
47873 0 doc7259294879683133 1
48193 0 doc9527193250756102 1
48193 0 doc6785547194105600 1
48193 0 doc6306096928606380 1
48193 0 doc2506452256257692 1
51310 0 doc4933326132948063 1
51310 0 doc2046981671187343 1
51310 0 doc8599181647215929 1
56013 0 doc5366157471959981 1
56013 0 doc3302216368941503 1
56013 0 doc5969636750048659 1
56013 0 doc8948444880792780 1
56013 0 doc6885920219067791 1
61503 0 doc2531761427648020 1
61503 0 doc3457219624656691 1
61503 0 doc5558354805733623 1
61503 0 doc5996993884846655 1
61503 0 doc9092587237114334 1
62705 0 doc8948444880792780 1
62705 0 doc7708469164258322 1
62705 0 doc6885920219067791 1
62705 0 doc3302216368941503 1
62705 0 doc5969636750048659 1
78272 0 doc3551809247862378 1
78272 0 doc4643608666899616 1
78272 0 doc9092587237114334 1
98331 0 doc4482652690766445 1
98331 0 doc4720283421615359 1
98331 0 doc7151870174700608 1
98331 0 doc7216933992248038 1
1000000 0 doc223997495223283 1
1000000 0 doc589484713269268 1
1000000 0 doc4670907354729674 1
1000000 0 doc9523087479617594 1
1000000 0 doc1966638146185479 1
1000000 0 doc9670001528699130 1
1000001 0 doc34894070455412 1
1000001 0 doc223997495223283 1
1000001 0 doc1966638146185479 1
1000001 0 doc9670001528699130 1
1000002 0 doc422319714962244 1
1000002 0 doc973550817356564 1
1000002 0 doc3192535148881095 1
1000002 0 doc4357242053529029 1
1000003 0 doc1190700200800606 1
1000003 0 doc1509294900960066 1
1000003 0 doc1571839544168040 1
1000003 0 doc4739118307577897 1
1000003 0 doc5572050278838550 1
1000003 0 doc9364148865735922 1
1000004 0 doc6912702802413733 1
1000004 0 doc3496070172209437 1
1000004 0 doc681322721384641 1
1000004 0 doc8391182235603982 1
1000004 0 doc8462865850328344 1
1000004 0 doc7436135069574190 1
1000004 0 doc3555567955507382 1
1000004 0 doc277415539607307 1
1000004 0 doc7445996639798624 1
1000005 0 doc3753627053150603 1
1000005 0 doc1571839544168040 1
1000005 0 doc2538824540800669 1
1000005 0 doc7686768230673663 1
1000005 0 doc8413008847105670 1
1000005 0 doc8884890472193474 1
