1603061 0 377303 1
1603061 0 906956 1
1603070 0 157895 1
1603070 0 416063 1
1603070 0 416892 1
1603070 0 538556 1
1603070 0 617878 1
1603070 0 604920 1
1603070 0 913825 1
1603070 0 881257 1
1603064 0 203670 1
1603064 0 719686 1
1603064 0 740243 1
1603064 0 794533 1
1603069 0 34034 1
1603069 0 154784 1
1603069 0 375840 1
1603069 0 428297 1
1603069 0 690667 1
1603066 0 141804 1
1603066 0 842299 1
1603066 0 902284 1
1603067 0 509571 1
1603067 0 680591 1
1607919 0 46037 1
1607919 0 848703 1
1607919 0 836986 1
1607916 0 152054 1
1607916 0 370408 1
1607916 0 538583 1
1609763 0 50440 1
1609763 0 114548 1
1609763 0 199598 1
1609763 0 204985 1
1609765 0 172015 1
1609765 0 270132 1
1609774 0 209987 1
1609774 0 847004 1
1609774 0 970976 1
1609779 0 82653 1
1609779 0 204985 1
1609779 0 337653 1
1609788 0 316596 1
1609788 0 680953 1
1609788 0 775601 1
1609797 0 604056 1
1609799 0 193791 1
1609799 0 566741 1
1609799 0 770467 1
1609822 0 498868 1
1609822 0 664712 1
1609831 0 602808 1
1609831 0 670673 1
1609831 0 927856 1
1609776 0 976404 1
1609777 0 133316 1
1609777 0 267184 1
1609791 0 152286 1
1609791 0 302701 1
1609794 0 614737 1
1609794 0 638347 1
1609794 0 618950 1
1609794 0 1012900 1
1609808 0 346794 1
1609808 0 655347 1
1609811 0 329547 1
1609811 0 362818 1
1609825 0 273421 1
1609825 0 310380 1
1609825 0 944008 1
1609828 0 195668 1
1609828 0 786683 1
1609767 0 697247 1
1609768 0 332476 1
1609768 0 1012963 1
1609783 0 152795 1
1609783 0 240845 1
1609783 0 276926 1
1609785 0 151811 1
1609785 0 431396 1
1609803 0 963778 1
1609816 0 432135 1
1609816 0 715438 1
1609816 0 825600 1
1609817 0 4224 1
1609817 0 7239 1
1609817 0 9375 1
1609819 0 459313 1
1609833 0 138211 1
1609833 0 424822 1
1609833 0 827292 1
1609834 0 79826 1
1609834 0 466385 1
1609834 0 596017 1
1609836 0 981115 1
1609836 0 981156 1
1609757 0 110319 1
1609757 0 268196 1
1609757 0 432094 1
1609757 0 446786 1
1609757 0 622162 1
1609762 0 205817 1
1609762 0 461181 1
1609762 0 507492 1
1609762 0 1004608 1
1609771 0 204726 1
1609771 0 209476 1
1609773 0 555939 1
1609773 0 796886 1
1609780 0 721682 1
1609782 0 166373 1
1609782 0 559354 1
1609796 0 117368 1
1609796 0 362580 1
1609796 0 469766 1
1609805 0 128232 1
1609805 0 189964 1
1609805 0 342843 1
1609814 0 39872 1
1609814 0 54927 1
1609837 0 135395 1
1609837 0 168910 1
1609837 0 299252 1
1609837 0 633345 1
1582583 0 242417 1
1582583 0 737306 1
1582584 0 363548 1
1582584 0 433469 1
1582584 0 440406 1
1582584 0 526131 1
1582584 0 1001259 1
1582589 0 81557 1
1582589 0 550049 1
1582589 0 714233 1
1582589 0 730533 1
1583920 0 284483 1
1583920 0 397407 1
1583920 0 761894 1
1583920 0 804853 1
1583920 0 809622 1
1583949 0 651483 1
1583963 0 644212 1
1584012 0 387089 1
1584012 0 628275 1
1584012 0 678154 1
1584014 0 148812 1
1584014 0 1018490 1
1583955 0 956084 1
1583955 0 902988 1
1584006 0 801716 1
1584006 0 805714 1
1584023 0 252327 1
1584023 0 425974 1
1584023 0 808321 1
1584023 0 821686 1
1584038 0 659211 1
1584040 0 30704 1
1584040 0 117604 1
1584040 0 986183 1
1584041 0 95141 1
1584041 0 273997 1
1584041 0 596777 1
1584054 0 678951 1
1584054 0 856851 1
1584055 0 136522 1
1584055 0 839163 1
1584055 0 845005 1
1584055 0 1012620 1
1584055 0 927736 1
1584057 0 519660 1
1584057 0 644239 1
1584057 0 962181 1
1584029 0 482537 1
1584029 0 686990 1
1584029 0 828109 1
1584029 0 851475 1
1584029 0 879956 1
1584031 0 438769 1
1584032 0 353338 1
1584032 0 542237 1
1584032 0 963929 1
1584046 0 692594 1
1584046 0 769528 1
1584048 0 549910 1
1584048 0 921517 1
1584048 0 976810 1
1584049 0 50496 1
1584049 0 970111 1
1584063 0 221675 1
1584063 0 366162 1
1584063 0 375431 1
1584065 0 246299 1
1584065 0 580507 1
1584065 0 784491 1
1584066 0 626248 1
1584066 0 794345 1
1584081 0 1179 1
1584081 0 1023297 1
1584097 0 51746 1
1584097 0 250988 1
1584097 0 834052 1
1584114 0 360193 1
1584114 0 439636 1
1584115 0 225948 1
1584115 0 442543 1
1584129 0 128085 1
1584129 0 273112 1
1584129 0 381880 1
1584129 0 720230 1
1584131 0 25738 1
1584131 0 564455 1
1584131 0 658703 1
1584072 0 135437 1
1584072 0 211507 1
1584074 0 316010 1
1584074 0 524366 1
1584074 0 1003354 1
1584074 0 980155 1
1584089 0 721269 1
1584089 0 847185 1
1584106 0 67370 1
1584106 0 305944 1
1584106 0 601772 1
1584121 0 392519 1
1584121 0 586205 1
1584121 0 589084 1
1584121 0 859235 1
1584124 0 768265 1
1584132 0 569781 1
1584132 0 805065 1
1584132 0 810971 1
1583966 0 145549 1
1583966 0 161423 1
1584009 0 266920 1
1584011 0 246048 1
1584011 0 315126 1
1584020 0 78104 1
1584020 0 800741 1
1584034 0 477395 1
1584043 0 122719 1
1584043 0 744995 1
1584043 0 987644 1
1584052 0 141683 1
1584052 0 444393 1
1584061 0 335279 1
1584061 0 598495 1
1584061 0 929978 1
1584075 0 384516 1
1584075 0 436987 1
1584075 0 558541 1
1584075 0 708426 1
1584077 0 142874 1
1584077 0 477917 1
1584077 0 549322 1
1584086 0 378347 1
1584086 0 474562 1
1584095 0 448107 1
1584095 0 865057 1
1584095 0 911128 1
1584100 0 142261 1
1584100 0 1030474 1
1584109 0 72895 1
1584109 0 211389 1
1584109 0 641913 1
1584118 0 844517 1
1584118 0 844857 1
1584118 0 853424 1
1584120 0 101926 1
1584120 0 204862 1
1583960 0 12292 1
1583960 0 386008 1
1584003 0 4049 1
1584003 0 33666 1
1584003 0 688684 1
1584003 0 801023 1
1584003 0 989752 1
1584008 0 150812 1
1584008 0 445780 1
1584008 0 543420 1
1584017 0 247764 1
1584017 0 498074 1
1584017 0 826270 1
1584026 0 481625 1
1584026 0 661163 1
1584028 0 587923 1
1584028 0 649808 1
1584035 0 357838 1
1584035 0 992439 1
1584051 0 240753 1
1584058 0 141134 1
1584058 0 338879 1
1584058 0 1026856 1
1584058 0 967656 1
1584060 0 589757 1
1584069 0 961334 1
1584069 0 976674 1
1584069 0 1005883 1
1584069 0 1032862 1
1584078 0 803181 1
1584078 0 850367 1
1584078 0 935645 1
1584083 0 708627 1
1584083 0 852003 1
1584083 0 931046 1
1584092 0 67352 1
1584092 0 943754 1
1584094 0 171841 1
1584103 0 22736 1
1584103 0 420394 1
1584103 0 433318 1
1584103 0 896039 1
1584112 0 674759 1
1584112 0 772674 1
1584117 0 226766 1
1584117 0 260689 1
1584117 0 809926 1
1584117 0 904928 1
1584126 0 652272 1
1584126 0 819094 1
1584126 0 837621 1
1584135 0 283693 1
1584135 0 799512 1
1584135 0 871781 1
1584135 0 970769 1
1587615 0 694016 1
1587615 0 738292 1
1587615 0 945261 1
1587616 0 59024 1
1587616 0 297476 1
1587616 0 794785 1
1588371 0 264117 1
1588371 0 789558 1
1588374 0 379200 1
1588374 0 863128 1
1588377 0 11061 1
1588377 0 392683 1
1588377 0 413230 1
1588377 0 450685 1
1588383 0 54040 1
1588383 0 558183 1
1588383 0 866451 1
1588385 0 370120 1
1588380 0 51507 1
1588380 0 555199 1
1588380 0 720914 1
1588382 0 320754 1
1588382 0 341918 1
1588389 0 542783 1
1588389 0 549109 1
1588389 0 739439 1
1588389 0 735717 1
1588389 0 768283 1
1588403 0 208962 1
1588403 0 439718 1
1588403 0 869409 1
1588403 0 985658 1
1588405 0 163640 1
1588405 0 855557 1
1588414 0 1878 1
1588414 0 72576 1
1588414 0 481076 1
1588423 0 624386 1
1588423 0 978747 1
1588423 0 996880 1
1588391 0 444812 1
1588391 0 644305 1
1588391 0 883502 1
1588394 0 27601 1
1588394 0 94700 1
1588394 0 591801 1
1588394 0 762398 1
1588409 0 33222 1
1588409 0 213873 1
1588409 0 706222 1
1588411 0 132342 1
1588411 0 348952 1
1588411 0 596117 1
1588386 0 554451 1
1588386 0 617096 1
1588400 0 711059 1
1588402 0 244444 1
1588402 0 542109 1
1588402 0 762979 1
1588417 0 307439 1
1588417 0 611820 1
1588379 0 355183 1
1588379 0 360193 1
1588379 0 439636 1
1588379 0 439990 1
1588388 0 93531 1
1588388 0 212189 1
1588388 0 960093 1
1588388 0 999436 1
1588397 0 73701 1
1588397 0 809089 1
1588397 0 835741 1
1588406 0 866847 1
1588420 0 72576 1
1588420 0 374946 1
1588422 0 307439 1
1588422 0 424341 1
1588422 0 512845 1
1583968 0 61687 1
1583968 0 101232 1
1583968 0 213298 1
1584111 0 193369 1
1584134 0 212457 1
1584134 0 373837 1
1584134 0 902599 1
1607918 0 71113 1
1607918 0 106882 1
1607918 0 216401 1
1607918 0 454026 1
1607918 0 536120 1
1607918 0 549985 1
1607918 0 538583 1
1607918 0 679538 1
1607918 0 864118 1
1607918 0 911171 1
1607918 0 940971 1
1609770 0 358146 1
1609770 0 505957 1
1609813 0 983380 1
1609813 0 1000771 1
1609800 0 433677 1
1609800 0 448033 1
1609800 0 813039 1
1609820 0 439087 1
1609820 0 781152 1
1584071 0 60987 1
1584071 0 968582 1
1584091 0 47743 1
1584091 0 650327 1
1588399 0 219223 1
1588399 0 442151 1
1588399 0 878660 1
1588419 0 154326 1
1588419 0 597462 1
1588419 0 691510 1
1588419 0 733110 1
1607921 0 210301 1
1607921 0 497516 1
1609793 0 32857 1
1609793 0 251869 1
1609793 0 305252 1
1609793 0 730179 1
1609793 0 995512 1
1584015 0 118476 1
1584015 0 336032 1
1584015 0 685834 1
1584015 0 884741 1
1584098 0 71743 1
1584098 0 130991 1
1582643 0 763927 1
1582643 0 823182 1
1582643 0 868131 1
1588373 0 28572 1
1588373 0 454181 1
1588396 0 30465 1
1588396 0 272867 1
1588396 0 941661 1
1582591 0 154843 1
1582591 0 247110 1
1582591 0 719898 1
1584025 0 693803 1
1584025 0 807121 1
1584025 0 940657 1
1584045 0 594156 1
1584045 0 829510 1
1584068 0 241244 1
1584068 0 334613 1
1584068 0 640007 1
1584068 0 1009773 1
1609790 0 462213 1
1609790 0 911403 1
1584080 0 248699 1
1584080 0 375965 1
1584080 0 674759 1
1584080 0 775392 1
1584088 0 506865 1
1584088 0 551794 1
1584088 0 1032571 1
1584002 0 855688 1
1584002 0 874078 1
1584125 0 133184 1
1584125 0 132093 1
1584125 0 593818 1
1584125 0 773510 1
1609802 0 205662 1
1609802 0 983224 1
1609804 0 71474 1
1609804 0 420744 1
1603062 0 169036 1
1603062 0 677503 1
1609810 0 162407 1
1609810 0 339414 1
1609810 0 360689 1
1609810 0 997480 1
1609810 0 1001376 1
1588416 0 249770 1
1588416 0 898104 1
1609823 0 746625 1
1609823 0 956462 1
1584101 0 772670 1
1609827 0 224257 1
1609827 0 634358 1
1588408 0 264548 1
1588408 0 600533 1
1588408 0 606649 1
1603063 0 542522 1
1603063 0 963296 1
1584022 0 479993 1
1584022 0 852921 1
1584105 0 361844 1
1584105 0 363428 1
1584105 0 538837 1
1588350 0 88628 1
1609781 0 177596 1
1609781 0 192502 1
1609781 0 341994 1
1609781 0 386888 1
1609781 0 786512 1
1609824 0 211712 1
1609824 0 436812 1
1609824 0 439590 1
1609824 0 508618 1
1609761 0 433696 1
1609761 0 959163 1
1582602 0 80138 1
1582602 0 100674 1
1582602 0 439508 1
1582602 0 880472 1
1584039 0 375425 1
1584039 0 525486 1
1584122 0 145982 1
1584122 0 839917 1
1584016 0 491869 1
1584016 0 841783 1
1584016 0 960109 1
1584016 0 1027569 1
1584059 0 589798 1
1584059 0 628157 1
1584102 0 641907 1
1584102 0 641911 1
1584102 0 716465 1
1584102 0 721000 1
1588387 0 50591 1
1588387 0 307439 1
1588387 0 940290 1
1588407 0 254186 1
1588407 0 364853 1
1584056 0 71941 1
1584056 0 738299 1
1588384 0 558012 1
1588384 0 796169 1
1609775 0 358712 1
1609775 0 875462 1
1609775 0 1005966 1
1609778 0 447489 1
1609778 0 453073 1
1609778 0 975629 1
1609778 0 1011409 1
1609784 0 587795 1
1609784 0 905050 1
1588401 0 43653 1
1588401 0 53867 1
1588401 0 471690 1
1584062 0 537553 1
1584062 0 851650 1
1584062 0 824966 1
1584082 0 39994 1
1584082 0 62195 1
1584082 0 309011 1
1584082 0 977770 1
1588393 0 97941 1
1588393 0 131380 1
1584073 0 94969 1
1584073 0 360429 1
1584108 0 161990 1
1584108 0 318059 1
1584108 0 360794 1
1584108 0 418124 1
1584108 0 557078 1
1584108 0 946767 1
1584128 0 62765 1
1584128 0 345258 1
1584128 0 442158 1
1584036 0 52489 1
1584036 0 306805 1
1584004 0 85527 1
1584004 0 103616 1
1584004 0 627018 1
1584004 0 737817 1
1584007 0 284545 1
1584007 0 532888 1
1584007 0 709431 1
1584007 0 810595 1
1584087 0 63229 1
1584087 0 931046 1
1584090 0 217959 1
1588418 0 248947 1
1588418 0 833920 1
1602922 0 249452 1
1602922 0 625537 1
1609809 0 132322 1
1609809 0 593817 1
1609809 0 596044 1
1609809 0 708453 1
1609838 0 46748 1
1609838 0 377259 1
1609838 0 944494 1
1607915 0 194090 1
1607915 0 376519 1
1607915 0 515463 1
1607915 0 645144 1
1607915 0 726303 1
1609787 0 216497 1
1609787 0 602802 1
1609787 0 944008 1
1609787 0 944465 1
1609830 0 71796 1
1609830 0 322596 1
1609830 0 366977 1
1609830 0 593336 1
1609830 0 808835 1
1609801 0 118954 1
1609801 0 570415 1
1609801 0 659306 1
1584079 0 680591 1
1584079 0 960642 1
1584099 0 248813 1
1588410 0 522298 1
1588410 0 967151 1
1609826 0 959086 1
1609826 0 962924 1
1584050 0 41770 1
1584050 0 204117 1
1584050 0 307265 1
1584050 0 625482 1
1584050 0 944745 1
1584070 0 100305 1
1584070 0 363380 1
1584070 0 443165 1
1584093 0 488098 1
1584093 0 806975 1
1588378 0 23277 1
1588378 0 195757 1
1588378 0 252697 1
1588378 0 612999 1
1588421 0 48419 1
1588421 0 763150 1
1584021 0 142261 1
1584021 0 144982 1
1584021 0 148866 1
1584024 0 546940 1
1584024 0 924535 1
1584104 0 240801 1
1584104 0 762793 1
1584107 0 566293 1
1584107 0 614206 1
1584107 0 649808 1
1609772 0 37094 1
1609772 0 420674 1
1609772 0 788297 1
1609772 0 940964 1
1609772 0 910024 1
1609795 0 159825 1
1609795 0 241088 1
1609795 0 627850 1
1609815 0 466124 1
1609815 0 971364 1
1588424 0 455407 1
1588424 0 777507 1
1584013 0 244162 1
1584013 0 374843 1
1584013 0 625552 1
1584096 0 149306 1
1584096 0 846234 1
1584096 0 964346 1
1584116 0 724629 1
1584116 0 994434 1
1609818 0 275768 1
1609818 0 609787 1
1609818 0 937864 1
1584027 0 471339 1
1584027 0 709756 1
1588398 0 272867 1
1588398 0 791847 1
1584042 0 664436 1
1584042 0 767094 1
1584042 0 994829 1
1584085 0 507482 1
1584085 0 875947 1
1588370 0 57727 1
1588370 0 264512 1
1588390 0 465645 1
1588413 0 552794 1
1588413 0 943825 1
1609835 0 807727 1
1609835 0 813992 1
1583961 0 262318 1
1583961 0 688611 1
1583961 0 761601 1
1583961 0 903974 1
1584084 0 735189 1
1584127 0 700300 1
1584127 0 752831 1
1584127 0 812052 1
1588412 0 57415 1
1588412 0 240494 1
1588412 0 540923 1
1609806 0 200886 1
1609806 0 468577 1
1609829 0 220694 1
1609829 0 591924 1
1584030 0 33552 1
1584113 0 64344 1
1584113 0 134358 1
1584113 0 595563 1
1584113 0 602288 1
1584113 0 826032 1
1582593 0 558867 1
1582593 0 603287 1
1582593 0 629303 1
1582593 0 833311 1
1609764 0 1736 1
1609764 0 223756 1
1609764 0 283425 1
1609764 0 446384 1
1609764 0 693590 1
1609764 0 701161 1
1609764 0 934530 1
1609807 0 225324 1
1609807 0 524496 1
1609807 0 563684 1
1609821 0 731202 1
1603068 0 28300 1
1603068 0 947551 1
1583964 0 668133 1
1583964 0 825590 1
1584130 0 89541 1
1584130 0 117698 1
1584130 0 117606 1
1584130 0 959824 1
1588375 0 378605 1
1588375 0 840076 1
1609769 0 77890 1
1609769 0 798450 1
1584019 0 533307 1
1584019 0 600168 1
1584019 0 770577 1
1584019 0 773483 1
1584019 0 794750 1
1584019 0 959824 1
1609766 0 416407 1
1609766 0 688690 1
1609786 0 108211 1
1609786 0 690000 1
1609786 0 722531 1
1603065 0 48183 1
1603065 0 152398 1
1584064 0 48077 1
1584064 0 594089 1
1588392 0 150419 1
1588392 0 143478 1
1588392 0 847089 1
1588392 0 962900 1
1584076 0 126453 1
1584076 0 744995 1
1588404 0 154385 1
1588404 0 170576 1
1609798 0 306957 1
1609798 0 455631 1
1583967 0 470281 1
1583967 0 471894 1
1583967 0 638789 1
1583967 0 817827 1
1584010 0 243872 1
1584010 0 423480 1
1584010 0 465968 1
1584010 0 471080 1
1584010 0 775901 1
1584010 0 941644 1
1584053 0 147707 1
1584133 0 66579 1
1584133 0 566961 1
1584133 0 624085 1
1584133 0 860246 1
1588381 0 25910 1
1588381 0 70352 1
1588381 0 244452 1
1588381 0 555433 1
1588381 0 823139 1
1588381 0 855758 1
1603071 0 22695 1
1603071 0 273296 1
1603071 0 674864 1
1603071 0 760789 1
1603071 0 763128 1
1584067 0 208607 1
1584067 0 488098 1
1584110 0 15433 1
1584110 0 564925 1
1584110 0 573955 1
1607917 0 898106 1
1609789 0 147806 1
1609789 0 361936 1
1609789 0 642182 1
1609812 0 322549 1
1609812 0 580740 1
1609812 0 926840 1
1609832 0 106623 1
1609832 0 377224 1
1609832 0 917875 1
1584001 0 40592 1
1584001 0 237965 1
1584001 0 426269 1
1584001 0 463081 1
1584044 0 151539 1
1584044 0 474508 1
1584044 0 481491 1
1584044 0 721269 1
1588372 0 398435 1
1588372 0 749954 1
1588415 0 246610 1
1588415 0 270315 1
1588415 0 969843 1
1584018 0 480778 1
1584018 0 487309 1
1584018 0 558955 1
1609760 0 43308 1
1545070 0 115515 1
1545070 0 319208 1
1545070 0 354116 1
1545070 0 511329 1
1545070 0 634787 1
1545070 0 975895 1
1584005 0 559563 1
1584005 0 688113 1
1584123 0 16500 1
1584123 0 383586 1
1584123 0 744899 1
1584123 0 799776 1
1584123 0 811748 1
1607920 0 538583 1
1607920 0 675973 1
1609792 0 719420 1
1584047 0 832097 1
1584119 0 161280 1
1584119 0 544868 1
1584119 0 962690 1
1587614 0 627028 1
1587617 0 358617 1
1587617 0 819014 1
1602901 0 202010 1
1602901 0 213019 1
1602901 0 676135 1
1602901 0 675208 1
1584033 0 45262 1
1584033 0 84022 1
1584033 0 84037 1
1584033 0 339716 1
1584037 0 137073 1
1584037 0 334738 1
1584037 0 503121 1
1584037 0 985570 1
1584037 0 995008 1
1588376 0 302095 1
1588376 0 691799 1
1588395 0 71486 1
1588395 0 278647 1
