1 0 59794 1
1 0 157135 1
1 0 194765 1
1 0 207202 1
1 0 242885 1
1 0 252230 1
1 0 263742 1
1 0 473524 1
1 0 555536 1
1 0 607601 1
1 0 613412 1
1 0 673598 1
1 0 689925 1
1 0 764406 1
1 0 771466 1
1 0 790455 1
1 0 793492 1
1 0 871180 1
1 0 876389 1
1 0 1008093 1
10 0 944851 1
10 0 949145 1
10 0 971747 1
10 0 872260 1
10 0 867383 1
10 0 680694 1
10 0 566008 1
10 0 497048 1
10 0 388257 1
10 0 199366 1
10 0 121667 1
10 0 143520 1
10 0 150379 1
11 0 143520 1
11 0 121667 1
11 0 102949 1
11 0 143036 1
11 0 164841 1
11 0 260947 1
11 0 236925 1
11 0 240203 1
11 0 217581 1
11 0 221376 1
11 0 414011 1
11 0 416381 1
11 0 304047 1
11 0 438800 1
11 0 455267 1
11 0 481057 1
11 0 485619 1
11 0 680694 1
11 0 675752 1
11 0 773239 1
11 0 867383 1
11 0 803168 1
11 0 949145 1
12 0 949145 1
12 0 944851 1
12 0 793527 1
12 0 692729 1
12 0 544816 1
12 0 455267 1
12 0 438800 1
12 0 444798 1
12 0 424254 1
12 0 217581 1
12 0 264665 1
12 0 143520 1
13 0 145695 1
13 0 93634 1
13 0 40412 1
13 0 65566 1
13 0 202032 1
13 0 203670 1
13 0 443526 1
13 0 338875 1
13 0 511493 1
13 0 695901 1
13 0 643706 1
13 0 765087 1
13 0 861995 1
13 0 897161 1
13 0 909840 1
13 0 912297 1
13 0 924547 1
13 0 918307 1
13 0 965310 1
13 0 977381 1
13 0 981657 1
14 0 977628 1
14 0 920279 1
14 0 946024 1
14 0 1007262 1
14 0 1022112 1
14 0 1029920 1
14 0 1031248 1
14 0 913411 1
14 0 873336 1
14 0 812134 1
14 0 771466 1
14 0 641278 1
14 0 709236 1
14 0 690954 1
14 0 425600 1
14 0 455267 1
14 0 186774 1
14 0 214855 1
14 0 209715 1
14 0 83041 1
14 0 100165 1
15 0 62828 1
15 0 62895 1
15 0 59794 1
15 0 61282 1
15 0 505020 1
15 0 543958 1
15 0 632792 1
15 0 776999 1
15 0 724358 1
15 0 727439 1
15 0 737060 1
15 0 761629 1
15 0 860285 1
15 0 843542 1
15 0 828381 1
15 0 874452 1
15 0 907674 1
16 0 763767 1
16 0 730306 1
16 0 769633 1
16 0 765321 1
16 0 1012300 1
16 0 980796 1
16 0 966840 1
16 0 546295 1
16 0 514294 1
16 0 501417 1
16 0 450835 1
16 0 427081 1
16 0 412764 1
16 0 45973 1
16 0 152949 1
16 0 143861 1
16 0 241297 1
17 0 214855 1
17 0 157732 1
17 0 100165 1
17 0 43742 1
17 0 40292 1
17 0 274750 1
17 0 425600 1
17 0 419748 1
17 0 456496 1
17 0 513828 1
17 0 520697 1
17 0 634202 1
17 0 619788 1
17 0 947739 1
17 0 920279 1
17 0 923249 1
17 0 1008075 1
17 0 690706 1
17 0 671993 1
17 0 913411 1
17 0 813812 1
2 0 917214 1
2 0 644601 1
2 0 658166 1
2 0 673670 1
2 0 769341 1
2 0 944947 1
2 0 621413 1
2 0 635600 1
2 0 635977 1
2 0 638408 1
2 0 633692 1
2 0 604167 1
2 0 540961 1
2 0 542450 1
2 0 545180 1
2 0 502624 1
2 0 500783 1
2 0 459959 1
2 0 456989 1
2 0 457417 1
2 0 421848 1
2 0 455418 1
2 0 273379 1
2 0 347725 1
2 0 52192 1
2 0 92848 1
2 0 202526 1
2 0 224872 1
2 0 233133 1
3 0 217636 1
3 0 207202 1
3 0 269845 1
3 0 271727 1
3 0 166517 1
3 0 168077 1
3 0 163310 1
3 0 186774 1
3 0 62828 1
3 0 83041 1
3 0 40292 1
3 0 100165 1
3 0 104377 1
3 0 141134 1
3 0 415486 1
3 0 381288 1
3 0 371195 1
3 0 456496 1
3 0 453467 1
3 0 550670 1
3 0 607601 1
3 0 592999 1
3 0 634202 1
3 0 634507 1
3 0 947739 1
3 0 917438 1
3 0 766530 1
3 0 771466 1
3 0 776523 1
3 0 727439 1
3 0 737060 1
3 0 720673 1
3 0 667623 1
3 0 709964 1
3 0 715676 1
3 0 916107 1
3 0 907674 1
3 0 828383 1
3 0 830631 1
3 0 860285 1
3 0 800204 1
3 0 783295 1
4 0 782667 1
4 0 783051 1
4 0 837536 1
4 0 645661 1
4 0 730276 1
4 0 730812 1
4 0 771466 1
4 0 769599 1
4 0 918474 1
4 0 959906 1
4 0 1008093 1
4 0 632264 1
4 0 609744 1
4 0 628551 1
4 0 508200 1
4 0 508931 1
4 0 450736 1
4 0 421330 1
4 0 373794 1
4 0 416580 1
4 0 362501 1
4 0 108755 1
4 0 111094 1
4 0 153676 1
4 0 106083 1
4 0 32343 1
4 0 92871 1
4 0 74586 1
4 0 186774 1
4 0 162579 1
4 0 157135 1
4 0 203641 1
4 0 190804 1
4 0 190978 1
4 0 252249 1
4 0 242885 1
4 0 244555 1
4 0 233926 1
4 0 209104 1
4 0 210301 1
4 0 221639 1
5 0 233133 1
5 0 211268 1
5 0 253722 1
5 0 262062 1
5 0 191920 1
5 0 188665 1
5 0 194765 1
5 0 151790 1
5 0 170047 1
5 0 170079 1
5 0 79990 1
5 0 106174 1
5 0 102588 1
5 0 154178 1
5 0 413946 1
5 0 408011 1
5 0 345055 1
5 0 426173 1
5 0 480310 1
5 0 543958 1
5 0 628379 1
5 0 592737 1
5 0 600054 1
5 0 560462 1
5 0 608383 1
5 0 736778 1
5 0 729948 1
5 0 644942 1
5 0 710899 1
5 0 793496 1
5 0 907208 1
5 0 871743 1
5 0 875045 1
5 0 868893 1
6 0 862898 1
6 0 867697 1
6 0 905585 1
6 0 917214 1
6 0 793776 1
6 0 791089 1
6 0 784051 1
6 0 844019 1
6 0 854870 1
6 0 710899 1
6 0 692567 1
6 0 671613 1
6 0 724503 1
6 0 767433 1
6 0 1008109 1
6 0 940053 1
6 0 974453 1
6 0 606998 1
6 0 617811 1
6 0 630553 1
6 0 621413 1
6 0 544679 1
6 0 500783 1
6 0 430893 1
6 0 444608 1
6 0 432181 1
6 0 372352 1
6 0 413946 1
6 0 333290 1
6 0 277839 1
6 0 101965 1
6 0 106174 1
6 0 135180 1
6 0 80293 1
6 0 83179 1
6 0 71328 1
6 0 41735 1
6 0 50291 1
6 0 50524 1
6 0 62799 1
6 0 155434 1
6 0 194115 1
6 0 205416 1
6 0 213185 1
6 0 213944 1
7 0 207628 1
7 0 235549 1
7 0 194536 1
7 0 159613 1
7 0 42011 1
7 0 94112 1
7 0 96707 1
7 0 147015 1
7 0 150382 1
7 0 137563 1
7 0 303058 1
7 0 308039 1
7 0 316326 1
7 0 419748 1
7 0 375564 1
7 0 425600 1
7 0 456496 1
7 0 450089 1
7 0 463956 1
7 0 477438 1
7 0 619788 1
7 0 923341 1
7 0 947739 1
7 0 671993 1
7 0 690954 1
7 0 689018 1
7 0 812134 1
7 0 913411 1
7 0 910636 1
7 0 869475 1
7 0 871392 1
8 0 898748 1
8 0 907674 1
8 0 789748 1
8 0 783295 1
8 0 849723 1
8 0 843542 1
8 0 832197 1
8 0 712755 1
8 0 676315 1
8 0 768793 1
8 0 766530 1
8 0 777005 1
8 0 725019 1
8 0 726001 1
8 0 720712 1
8 0 920279 1
8 0 1004705 1
8 0 1007262 1
8 0 964976 1
8 0 949902 1
8 0 951041 1
8 0 1008075 1
8 0 1012953 1
8 0 1022112 1
8 0 1025530 1
8 0 1029920 1
8 0 619788 1
8 0 592999 1
8 0 598276 1
8 0 477438 1
8 0 513828 1
8 0 520697 1
8 0 549888 1
8 0 539474 1
8 0 458594 1
8 0 455267 1
8 0 435931 1
8 0 393058 1
8 0 317744 1
8 0 338388 1
8 0 310926 1
8 0 315531 1
8 0 292277 1
8 0 105327 1
8 0 38625 1
8 0 26574 1
8 0 44288 1
8 0 91162 1
8 0 158070 1
8 0 186774 1
8 0 203965 1
8 0 235352 1
8 0 264329 1
8 0 217996 1
9 0 264353 1
9 0 204663 1
9 0 205416 1
9 0 80293 1
9 0 78088 1
9 0 56584 1
9 0 62799 1
9 0 25986 1
9 0 135180 1
9 0 102288 1
9 0 154864 1
9 0 342016 1
9 0 344854 1
9 0 407300 1
9 0 411187 1
9 0 445794 1
9 0 430893 1
9 0 457501 1
9 0 452838 1
9 0 539638 1
9 0 516855 1
9 0 541693 1
9 0 591918 1
9 0 627393 1
9 0 633692 1
9 0 635443 1
9 0 1008109 1
9 0 954531 1
9 0 959721 1
9 0 966910 1
9 0 995554 1
9 0 919175 1
9 0 947866 1
9 0 929390 1
9 0 933896 1
9 0 728139 1
9 0 780537 1
9 0 769918 1
9 0 671613 1
9 0 642584 1
9 0 669416 1
9 0 669475 1
9 0 719541 1
9 0 710633 1
9 0 684748 1
9 0 833693 1
9 0 831579 1
9 0 800575 1
9 0 793776 1
9 0 892851 1
9 0 895136 1
9 0 867697 1
