1 0 158710 1
1 0 158734 1
1 0 170611 1
1 0 201307 1
1 0 236710 1
1 0 246594 1
1 0 251439 1
1 0 267092 1
1 0 275384 1
1 0 305597 1
1 0 314371 1
1 0 334261 1
1 0 337895 1
1 0 35778 1
1 0 36737 1
1 0 44566 1
1 0 453867 1
1 0 454908 1
1 0 478441 1
1 0 480147 1
1 0 516002 1
1 0 538023 1
1 0 542672 1
1 0 598215 1
1 0 605175 1
1 0 608383 1
1 0 61097 1
1 0 628379 1
1 0 641456 1
1 0 653632 1
1 0 693177 1
1 0 709715 1
1 0 713802 1
1 0 780722 1
1 0 823920 1
1 0 825517 1
1 0 828967 1
1 0 836665 1
1 0 867647 1
1 0 872417 1
1 0 900073 1
1 0 910490 1
1 0 913276 1
1 0 943483 1
1 0 947754 1
2 0 1004720 1
2 0 170079 1
2 0 188665 1
2 0 194536 1
2 0 194765 1
2 0 199239 1
2 0 210864 1
2 0 211896 1
2 0 233133 1
2 0 246428 1
2 0 274796 1
2 0 292087 1
2 0 296873 1
2 0 335618 1
2 0 340765 1
2 0 344623 1
2 0 348140 1
2 0 467694 1
2 0 470882 1
2 0 516002 1
2 0 516378 1
2 0 58513 1
2 0 592737 1
2 0 621413 1
2 0 635193 1
2 0 635282 1
2 0 635977 1
2 0 637238 1
2 0 653630 1
2 0 673670 1
2 0 680480 1
2 0 70278 1
2 0 714514 1
2 0 723720 1
2 0 777459 1
2 0 778205 1
2 0 830173 1
2 0 832296 1
2 0 871984 1
2 0 875045 1
2 0 907549 1
2 0 908898 1
2 0 918869 1
2 0 928701 1
2 0 944947 1
2 0 96793 1
2 0 971489 1
2 0 974721 1
3 0 1002962 1
3 0 111892 1
3 0 187929 1
3 0 191640 1
3 0 221117 1
3 0 240884 1
3 0 243693 1
3 0 272862 1
3 0 295314 1
3 0 316443 1
3 0 335814 1
3 0 355825 1
3 0 36863 1
3 0 409533 1
3 0 412957 1
3 0 415219 1
3 0 44602 1
3 0 461506 1
3 0 468105 1
3 0 472298 1
3 0 499438 1
3 0 505368 1
3 0 616398 1
3 0 721149 1
3 0 724510 1
3 0 729674 1
3 0 733965 1
3 0 75555 1
3 0 770837 1
3 0 776369 1
3 0 781234 1
3 0 783760 1
3 0 798306 1
3 0 825284 1
3 0 828519 1
3 0 833087 1
3 0 880028 1
3 0 88847 1
3 0 902430 1
3 0 941989 1
3 0 946665 1
3 0 971506 1
3 0 972031 1
3 0 993347 1
3 0 999853 1
4 0 111575 1
4 0 112956 1
4 0 134366 1
4 0 13567 1
4 0 146026 1
4 0 147878 1
4 0 167750 1
4 0 191761 1
4 0 192164 1
4 0 199074 1
4 0 235987 1
4 0 237449 1
4 0 26554 1
4 0 267832 1
4 0 275763 1
4 0 276156 1
4 0 318059 1
4 0 349970 1
4 0 367786 1
4 0 416676 1
4 0 417925 1
4 0 454165 1
4 0 458981 1
4 0 47959 1
4 0 498934 1
4 0 537339 1
4 0 551456 1
4 0 591609 1
4 0 615973 1
4 0 623843 1
4 0 650383 1
4 0 673670 1
4 0 676374 1
4 0 677076 1
4 0 713414 1
4 0 726109 1
4 0 790819 1
4 0 850665 1
4 0 854160 1
4 0 907128 1
4 0 91606 1
4 0 923595 1
4 0 926598 1
4 0 946924 1
4 0 975101 1
5 0 202032 1
5 0 203103 1
5 0 206606 1
5 0 213172 1
5 0 235657 1
5 0 315147 1
5 0 341177 1
5 0 38284 1
5 0 40412 1
5 0 415849 1
5 0 425636 1
5 0 448294 1
5 0 450204 1
5 0 468358 1
5 0 498982 1
5 0 50473 1
5 0 507203 1
5 0 536499 1
5 0 552967 1
5 0 58675 1
5 0 612340 1
5 0 62919 1
5 0 654558 1
5 0 65561 1
5 0 668003 1
5 0 723991 1
5 0 731595 1
5 0 765087 1
5 0 767721 1
5 0 76995 1
5 0 775568 1
5 0 779743 1
5 0 782573 1
5 0 787377 1
5 0 789724 1
5 0 81584 1
5 0 848545 1
5 0 861856 1
5 0 863918 1
5 0 864228 1
5 0 871137 1
5 0 897161 1
5 0 909840 1
5 0 918307 1
5 0 923576 1
5 0 949562 1
5 0 972053 1
6 0 130768 1
6 0 152873 1
6 0 158698 1
6 0 164841 1
6 0 188539 1
6 0 191649 1
6 0 199530 1
6 0 201074 1
6 0 214886 1
6 0 241297 1
6 0 26571 1
6 0 302500 1
6 0 305772 1
6 0 321480 1
6 0 333756 1
6 0 336299 1
6 0 33982 1
6 0 340759 1
6 0 39798 1
6 0 429257 1
6 0 431254 1
6 0 439237 1
6 0 443735 1
6 0 50620 1
6 0 518354 1
6 0 631868 1
6 0 635275 1
6 0 653632 1
6 0 672131 1
6 0 714668 1
6 0 721425 1
6 0 729450 1
6 0 763767 1
6 0 763910 1
6 0 775604 1
6 0 779761 1
6 0 837371 1
6 0 838625 1
6 0 864741 1
6 0 869824 1
6 0 878401 1
6 0 879579 1
6 0 913750 1
6 0 918337 1
6 0 932389 1
6 0 933974 1
6 0 959617 1
6 0 972310 1
7 0 114392 1
7 0 137458 1
7 0 146229 1
7 0 153075 1
7 0 203869 1
7 0 214754 1
7 0 215966 1
7 0 241902 1
7 0 297787 1
7 0 340759 1
7 0 347146 1
7 0 34715 1
7 0 356405 1
7 0 36863 1
7 0 372543 1
7 0 412421 1
7 0 44037 1
7 0 449651 1
7 0 455548 1
7 0 463573 1
7 0 47686 1
7 0 50034 1
7 0 506879 1
7 0 515625 1
7 0 537376 1
7 0 547177 1
7 0 555372 1
7 0 609573 1
7 0 631475 1
7 0 633116 1
7 0 66955 1
7 0 713447 1
7 0 727026 1
7 0 735510 1
7 0 735716 1
7 0 828200 1
7 0 828403 1
7 0 833256 1
7 0 863263 1
7 0 868244 1
7 0 910031 1
7 0 940225 1
7 0 943674 1
7 0 945572 1
7 0 964278 1
7 0 977142 1
8 0 145570 1
8 0 162932 1
8 0 199349 1
8 0 199484 1
8 0 208060 1
8 0 234841 1
8 0 265975 1
8 0 292928 1
8 0 302741 1
8 0 308803 1
8 0 355645 1
8 0 376657 1
8 0 39748 1
8 0 413312 1
8 0 421589 1
8 0 422572 1
8 0 47851 1
8 0 494441 1
8 0 501418 1
8 0 501652 1
8 0 517638 1
8 0 520641 1
8 0 52354 1
8 0 537386 1
8 0 548899 1
8 0 555740 1
8 0 574499 1
8 0 58413 1
8 0 591916 1
8 0 620053 1
8 0 640946 1
8 0 643583 1
8 0 648362 1
8 0 653048 1
8 0 678685 1
8 0 781425 1
8 0 784509 1
8 0 786758 1
8 0 821538 1
8 0 827742 1
8 0 852272 1
8 0 863274 1
8 0 875598 1
8 0 875760 1
8 0 896415 1
8 0 903619 1
8 0 972489 1
9 0 1021447 1
9 0 136013 1
9 0 138075 1
9 0 148592 1
9 0 157545 1
9 0 33981 1
9 0 35524 1
9 0 372960 1
9 0 376969 1
9 0 409208 1
9 0 411726 1
9 0 421547 1
9 0 42377 1
9 0 455301 1
9 0 50869 1
9 0 519856 1
9 0 539165 1
9 0 545738 1
9 0 554271 1
9 0 555740 1
9 0 556541 1
9 0 592980 1
9 0 639335 1
9 0 641628 1
9 0 657191 1
9 0 664799 1
9 0 710074 1
9 0 831245 1
9 0 838101 1
9 0 840318 1
9 0 927094 1
9 0 928298 1
9 0 928390 1
9 0 94183 1
9 0 962483 1
9 0 966775 1
10 0 1022387 1
10 0 107559 1
10 0 108749 1
10 0 134704 1
10 0 167495 1
10 0 169048 1
10 0 199083 1
10 0 219712 1
10 0 261038 1
10 0 299083 1
10 0 304423 1
10 0 314183 1
10 0 338306 1
10 0 40412 1
10 0 40534 1
10 0 418352 1
10 0 431181 1
10 0 452389 1
10 0 461715 1
10 0 472938 1
10 0 47389 1
10 0 58921 1
10 0 591290 1
10 0 593242 1
10 0 60336 1
10 0 615848 1
10 0 621753 1
10 0 62244 1
10 0 635562 1
10 0 676145 1
10 0 71201 1
10 0 722333 1
10 0 725631 1
10 0 728501 1
10 0 732066 1
10 0 73425 1
10 0 784370 1
10 0 790211 1
10 0 798363 1
10 0 866921 1
10 0 874388 1
10 0 902917 1
10 0 909358 1
10 0 909840 1
10 0 963105 1
10 0 969885 1
10 0 98749 1
11 0 124194 1
11 0 161004 1
11 0 201792 1
11 0 213301 1
11 0 276031 1
11 0 28494 1
11 0 297559 1
11 0 309579 1
11 0 31880 1
11 0 338366 1
11 0 344542 1
11 0 356636 1
11 0 369222 1
11 0 39687 1
11 0 43504 1
11 0 485704 1
11 0 515533 1
11 0 545738 1
11 0 560544 1
11 0 591609 1
11 0 603287 1
11 0 60872 1
11 0 636924 1
11 0 639465 1
11 0 645396 1
11 0 651172 1
11 0 675129 1
11 0 701066 1
11 0 72749 1
11 0 739193 1
11 0 740515 1
11 0 764267 1
11 0 767987 1
11 0 777463 1
11 0 793122 1
11 0 838868 1
11 0 844573 1
11 0 845086 1
11 0 849206 1
11 0 864797 1
11 0 865279 1
11 0 903552 1
11 0 909614 1
11 0 909840 1
11 0 911438 1
11 0 962313 1
11 0 962687 1
11 0 965310 1
12 0 1004105 1
12 0 1011213 1
12 0 1012479 1
12 0 102702 1
12 0 104765 1
12 0 105567 1
12 0 106475 1
12 0 122028 1
12 0 202404 1
12 0 207972 1
12 0 209609 1
12 0 217385 1
12 0 320653 1
12 0 340121 1
12 0 344542 1
12 0 364801 1
12 0 369222 1
12 0 373548 1
12 0 389661 1
12 0 439642 1
12 0 440995 1
12 0 451747 1
12 0 452389 1
12 0 456232 1
12 0 460528 1
12 0 485704 1
12 0 495596 1
12 0 556520 1
12 0 603287 1
12 0 615848 1
12 0 619342 1
12 0 640389 1
12 0 67740 1
12 0 733723 1
12 0 822616 1
12 0 822762 1
12 0 833082 1
12 0 844379 1
12 0 84756 1
12 0 944854 1
12 0 960093 1
12 0 96467 1
12 0 983861 1
13 0 110103 1
13 0 116552 1
13 0 131340 1
13 0 198079 1
13 0 201571 1
13 0 204304 1
13 0 204506 1
13 0 223488 1
13 0 234950 1
13 0 246943 1
13 0 26571 1
13 0 301082 1
13 0 309579 1
13 0 345189 1
13 0 348234 1
13 0 429870 1
13 0 431730 1
13 0 443735 1
13 0 451747 1
13 0 456222 1
13 0 456829 1
13 0 462385 1
13 0 495596 1
13 0 496287 1
13 0 49672 1
13 0 506018 1
13 0 536579 1
13 0 563677 1
13 0 589668 1
13 0 594676 1
13 0 601662 1
13 0 62445 1
13 0 627026 1
13 0 69376 1
13 0 724406 1
13 0 725481 1
13 0 73438 1
13 0 775276 1
13 0 781924 1
13 0 785616 1
13 0 787456 1
13 0 864045 1
13 0 906451 1
13 0 93044 1
13 0 969861 1
13 0 96995 1
14 0 1030513 1
14 0 103185 1
14 0 107559 1
14 0 110579 1
14 0 186754 1
14 0 205695 1
14 0 226581 1
14 0 236169 1
14 0 277517 1
14 0 309274 1
14 0 320615 1
14 0 340765 1
14 0 372543 1
14 0 390592 1
14 0 419431 1
14 0 429257 1
14 0 456194 1
14 0 457300 1
14 0 458013 1
14 0 464752 1
14 0 47187 1
14 0 503847 1
14 0 518692 1
14 0 52431 1
14 0 543942 1
14 0 553209 1
14 0 612110 1
14 0 614053 1
14 0 62812 1
14 0 633267 1
14 0 649846 1
14 0 673935 1
14 0 679345 1
14 0 709581 1
14 0 711018 1
14 0 714163 1
14 0 721425 1
14 0 725573 1
14 0 730355 1
14 0 777288 1
14 0 781520 1
14 0 788544 1
14 0 913061 1
14 0 93044 1
14 0 99369 1
15 0 1019357 1
15 0 1021930 1
15 0 106129 1
15 0 134225 1
15 0 143992 1
15 0 157122 1
15 0 189511 1
15 0 194069 1
15 0 223488 1
15 0 225793 1
15 0 235116 1
15 0 308320 1
15 0 332382 1
15 0 371996 1
15 0 375048 1
15 0 39748 1
15 0 415427 1
15 0 444950 1
15 0 451747 1
15 0 470105 1
15 0 495596 1
15 0 517638 1
15 0 538053 1
15 0 554055 1
15 0 554820 1
15 0 596625 1
15 0 599149 1
15 0 61487 1
15 0 65704 1
15 0 678685 1
15 0 679035 1
15 0 710190 1
15 0 716828 1
15 0 717418 1
15 0 729017 1
15 0 765686 1
15 0 765750 1
15 0 768414 1
15 0 775224 1
15 0 789678 1
15 0 791426 1
15 0 824357 1
15 0 832370 1
15 0 834311 1
15 0 909310 1
15 0 943180 1
15 0 962687 1
15 0 977825 1
15 0 982240 1
16 0 139831 1
16 0 198693 1
16 0 299837 1
16 0 358626 1
16 0 396369 1
16 0 453830 1
16 0 456491 1
16 0 572138 1
16 0 736582 1
16 0 829425 1
16 0 902348 1
16 0 950471 1
16 0 969717 1
16 0 983411 1
17 0 101526 1
17 0 108127 1
17 0 114537 1
17 0 129701 1
17 0 140549 1
17 0 168064 1
17 0 169711 1
17 0 192504 1
17 0 193071 1
17 0 201279 1
17 0 205092 1
17 0 222989 1
17 0 241297 1
17 0 249903 1
17 0 278876 1
17 0 297074 1
17 0 298285 1
17 0 301229 1
17 0 311616 1
17 0 318183 1
17 0 31952 1
17 0 381267 1
17 0 466145 1
17 0 519229 1
17 0 540707 1
17 0 551447 1
17 0 594220 1
17 0 614562 1
17 0 621857 1
17 0 628433 1
17 0 632993 1
17 0 656399 1
17 0 74780 1
17 0 770392 1
17 0 795219 1
17 0 831492 1
17 0 842984 1
17 0 855006 1
17 0 865285 1
17 0 872955 1
17 0 878401 1
17 0 893192 1
17 0 941005 1
17 0 94183 1
17 0 943485 1
17 0 983861 1
17 0 997631 1
18 0 114405 1
18 0 202151 1
18 0 203869 1
18 0 214459 1
18 0 301497 1
18 0 348140 1
18 0 39748 1
18 0 410056 1
18 0 413312 1
18 0 454456 1
18 0 603287 1
18 0 628720 1
18 0 643279 1
18 0 664792 1
18 0 711630 1
18 0 715989 1
18 0 720795 1
18 0 725002 1
18 0 766200 1
18 0 766326 1
18 0 775314 1
18 0 783731 1
18 0 816790 1
18 0 82604 1
18 0 84756 1
18 0 852272 1
18 0 868560 1
18 0 871234 1
18 0 93769 1
18 0 949426 1
18 0 967339 1
18 0 997968 1
19 0 103185 1
19 0 131499 1
19 0 133084 1
19 0 165055 1
19 0 201021 1
19 0 201436 1
19 0 203099 1
19 0 208355 1
19 0 209461 1
19 0 269832 1
19 0 296387 1
19 0 313765 1
19 0 369477 1
19 0 37271 1
19 0 379285 1
19 0 428604 1
19 0 430938 1
19 0 44064 1
19 0 454584 1
19 0 455505 1
19 0 536872 1
19 0 54232 1
19 0 542423 1
19 0 550156 1
19 0 550917 1
19 0 590475 1
19 0 607815 1
19 0 608403 1
19 0 613263 1
19 0 613710 1
19 0 614053 1
19 0 70190 1
19 0 724057 1
19 0 725249 1
19 0 770386 1
19 0 779770 1
19 0 784851 1
19 0 865057 1
19 0 893865 1
19 0 915871 1
19 0 942436 1
19 0 95736 1
19 0 96459 1
19 0 97332 1
19 0 974110 1
20 0 101657 1
20 0 1020944 1
20 0 112956 1
20 0 117453 1
20 0 190465 1
20 0 202470 1
20 0 207202 1
20 0 213944 1
20 0 237413 1
20 0 247219 1
20 0 318252 1
20 0 340987 1
20 0 39798 1
20 0 414944 1
20 0 415421 1
20 0 417925 1
20 0 439237 1
20 0 459127 1
20 0 462419 1
20 0 50524 1
20 0 532073 1
20 0 537351 1
20 0 607603 1
20 0 641794 1
20 0 647721 1
20 0 689925 1
20 0 692567 1
20 0 721407 1
20 0 725132 1
20 0 726494 1
20 0 726992 1
20 0 736290 1
20 0 770711 1
20 0 773239 1
20 0 777212 1
20 0 81342 1
20 0 84140 1
20 0 862126 1
20 0 862898 1
20 0 913411 1
20 0 915514 1
20 0 917468 1
20 0 963128 1
20 0 98749 1
21 0 1011293 1
21 0 1029882 1
21 0 124194 1
21 0 203670 1
21 0 235657 1
21 0 240049 1
21 0 268407 1
21 0 300395 1
21 0 30049 1
21 0 304047 1
21 0 348913 1
21 0 369270 1
21 0 42222 1
21 0 422572 1
21 0 439642 1
21 0 453133 1
21 0 495107 1
21 0 495596 1
21 0 497048 1
21 0 515184 1
21 0 517638 1
21 0 52354 1
21 0 535369 1
21 0 535941 1
21 0 544674 1
21 0 57742 1
21 0 590169 1
21 0 59959 1
21 0 605823 1
21 0 635438 1
21 0 639465 1
21 0 65561 1
21 0 735387 1
21 0 775636 1
21 0 778104 1
21 0 842666 1
21 0 848703 1
21 0 869495 1
21 0 899025 1
21 0 909840 1
21 0 91196 1
21 0 913114 1
21 0 918307 1
21 0 965310 1
21 0 99448 1
22 0 131221 1
22 0 198293 1
22 0 235041 1
22 0 237239 1
22 0 238073 1
22 0 244239 1
22 0 269008 1
22 0 271817 1
22 0 3035 1
22 0 308589 1
22 0 313394 1
22 0 315312 1
22 0 337895 1
22 0 396893 1
22 0 415982 1
22 0 422042 1
22 0 438924 1
22 0 45815 1
22 0 495221 1
22 0 544221 1
22 0 550301 1
22 0 592181 1
22 0 593170 1
22 0 636978 1
22 0 647297 1
22 0 653632 1
22 0 68696 1
22 0 718140 1
22 0 722087 1
22 0 736964 1
22 0 741029 1
22 0 775533 1
22 0 778104 1
22 0 780722 1
22 0 832798 1
22 0 858982 1
22 0 893220 1
22 0 895792 1
22 0 922157 1
22 0 922727 1
22 0 975643 1
22 0 983427 1
23 0 106475 1
23 0 142618 1
23 0 158710 1
23 0 187929 1
23 0 198293 1
23 0 201307 1
23 0 213537 1
23 0 301706 1
23 0 340523 1
23 0 38537 1
23 0 39748 1
23 0 422572 1
23 0 429257 1
23 0 429903 1
23 0 436249 1
23 0 438985 1
23 0 439237 1
23 0 453791 1
23 0 467470 1
23 0 492182 1
23 0 520884 1
23 0 61316 1
23 0 628379 1
23 0 637687 1
23 0 639903 1
23 0 641306 1
23 0 644364 1
23 0 651132 1
23 0 709715 1
23 0 763767 1
23 0 765614 1
23 0 776369 1
23 0 780722 1
23 0 783295 1
23 0 784509 1
23 0 78476 1
23 0 806282 1
23 0 822762 1
23 0 830233 1
23 0 868244 1
23 0 908527 1
23 0 918337 1
23 0 930870 1
23 0 943674 1
23 0 945572 1
23 0 962995 1
24 0 132917 1
24 0 138336 1
24 0 158710 1
24 0 171758 1
24 0 215429 1
24 0 236169 1
24 0 243270 1
24 0 261973 1
24 0 263988 1
24 0 295239 1
24 0 335632 1
24 0 345055 1
24 0 346037 1
24 0 371205 1
24 0 372352 1
24 0 39193 1
24 0 39748 1
24 0 467694 1
24 0 474102 1
24 0 494012 1
24 0 50104 1
24 0 540085 1
24 0 56363 1
24 0 586252 1
24 0 591625 1
24 0 599558 1
24 0 653632 1
24 0 667686 1
24 0 682935 1
24 0 693009 1
24 0 72171 1
24 0 731873 1
24 0 75923 1
24 0 766326 1
24 0 773986 1
24 0 781425 1
24 0 784509 1
24 0 788020 1
24 0 791421 1
24 0 842819 1
24 0 853294 1
24 0 908946 1
24 0 918869 1
24 0 942017 1
24 0 96793 1
25 0 104154 1
25 0 158710 1
25 0 164567 1
25 0 196572 1
25 0 202470 1
25 0 222893 1
25 0 234330 1
25 0 246594 1
25 0 28264 1
25 0 302251 1
25 0 319008 1
25 0 337895 1
25 0 35778 1
25 0 416811 1
25 0 43701 1
25 0 467470 1
25 0 46890 1
25 0 494747 1
25 0 513200 1
25 0 520884 1
25 0 531689 1
25 0 543153 1
25 0 560017 1
25 0 586252 1
25 0 600855 1
25 0 608557 1
25 0 610430 1
25 0 61097 1
25 0 634262 1
25 0 653630 1
25 0 667623 1
25 0 670702 1
25 0 682935 1
25 0 685442 1
25 0 725432 1
25 0 765894 1
25 0 768147 1
25 0 780819 1
25 0 793496 1
25 0 828236 1
25 0 828967 1
25 0 83041 1
25 0 885587 1
25 0 895792 1
25 0 907549 1
25 0 924444 1
25 0 932810 1
25 0 960037 1
26 0 1003702 1
26 0 1021952 1
26 0 1028323 1
26 0 136406 1
26 0 139239 1
26 0 167505 1
26 0 199011 1
26 0 222893 1
26 0 224918 1
26 0 246594 1
26 0 26214 1
26 0 294513 1
26 0 302251 1
26 0 314939 1
26 0 320613 1
26 0 352621 1
26 0 359255 1
26 0 45102 1
26 0 467470 1
26 0 513200 1
26 0 52588 1
26 0 560017 1
26 0 586252 1
26 0 600855 1
26 0 623676 1
26 0 639803 1
26 0 653343 1
26 0 682935 1
26 0 709715 1
26 0 71327 1
26 0 719721 1
26 0 734813 1
26 0 74595 1
26 0 752661 1
26 0 765614 1
26 0 772438 1
26 0 772562 1
26 0 78968 1
26 0 808079 1
26 0 824732 1
26 0 825614 1
26 0 828421 1
26 0 830041 1
26 0 873168 1
26 0 909979 1
26 0 929726 1
26 0 943483 1
27 0 101108 1
27 0 101219 1
27 0 108930 1
27 0 141715 1
27 0 187934 1
27 0 193942 1
27 0 198293 1
27 0 198713 1
27 0 201494 1
27 0 213537 1
27 0 245397 1
27 0 246594 1
27 0 270219 1
27 0 275834 1
27 0 276079 1
27 0 28961 1
27 0 292230 1
27 0 308589 1
27 0 344215 1
27 0 345642 1
27 0 412913 1
27 0 428420 1
27 0 453867 1
27 0 462651 1
27 0 467382 1
27 0 467470 1
27 0 520884 1
27 0 543217 1
27 0 596558 1
27 0 605175 1
27 0 608383 1
27 0 622333 1
27 0 628379 1
27 0 637687 1
27 0 638131 1
27 0 694003 1
27 0 694016 1
27 0 709715 1
27 0 738292 1
27 0 764549 1
27 0 788031 1
27 0 788779 1
27 0 830041 1
27 0 865867 1
27 0 872417 1
27 0 901000 1
28 0 101219 1
28 0 1021824 1
28 0 157919 1
28 0 158083 1
28 0 198293 1
28 0 243315 1
28 0 244458 1
28 0 246594 1
28 0 309010 1
28 0 309725 1
28 0 310893 1
28 0 333756 1
28 0 334261 1
28 0 429257 1
28 0 429903 1
28 0 439237 1
28 0 453867 1
28 0 458057 1
28 0 520884 1
28 0 522577 1
28 0 534222 1
28 0 536841 1
28 0 541574 1
28 0 543217 1
28 0 605175 1
28 0 608383 1
28 0 612566 1
28 0 625044 1
28 0 628379 1
28 0 629117 1
28 0 637687 1
28 0 638131 1
28 0 652805 1
28 0 678675 1
28 0 709715 1
28 0 710712 1
28 0 738292 1
28 0 765621 1
28 0 766326 1
28 0 780722 1
28 0 784959 1
28 0 788031 1
28 0 791421 1
28 0 830233 1
28 0 938584 1
28 0 973164 1
28 0 98749 1
29 0 124194 1
29 0 158710 1
29 0 238297 1
29 0 243762 1
29 0 246980 1
29 0 277477 1
29 0 302251 1
29 0 340939 1
29 0 346037 1
29 0 376780 1
29 0 43085 1
29 0 446792 1
29 0 447694 1
29 0 477559 1
29 0 49894 1
29 0 506922 1
29 0 533258 1
29 0 535369 1
29 0 545738 1
29 0 553630 1
29 0 558918 1
29 0 575698 1
29 0 589043 1
29 0 596878 1
29 0 600855 1
29 0 60618 1
29 0 608144 1
29 0 615076 1
29 0 635977 1
29 0 685442 1
29 0 718939 1
29 0 731873 1
29 0 734813 1
29 0 766142 1
29 0 798417 1
29 0 80072 1
29 0 820313 1
29 0 830094 1
29 0 831245 1
29 0 907549 1
29 0 940609 1
29 0 949339 1
29 0 957915 1
29 0 963483 1
29 0 965310 1
29 0 974429 1
29 0 977130 1
30 0 1021824 1
30 0 117057 1
30 0 133184 1
30 0 192891 1
30 0 197443 1
30 0 201307 1
30 0 240884 1
30 0 246048 1
30 0 246596 1
30 0 273079 1
30 0 295318 1
30 0 353905 1
30 0 35475 1
30 0 39927 1
30 0 456699 1
30 0 492182 1
30 0 505342 1
30 0 519127 1
30 0 521787 1
30 0 522001 1
30 0 535694 1
30 0 536499 1
30 0 546269 1
30 0 594852 1
30 0 618920 1
30 0 626555 1
30 0 632501 1
30 0 647666 1
30 0 647676 1
30 0 667872 1
30 0 678993 1
30 0 693474 1
30 0 710411 1
30 0 721269 1
30 0 725488 1
30 0 769413 1
30 0 773966 1
30 0 821031 1
30 0 827036 1
30 0 846621 1
30 0 878121 1
30 0 881138 1
30 0 902188 1
30 0 922519 1
30 0 928298 1
30 0 93067 1
30 0 970769 1
31 0 1021824 1
31 0 133184 1
31 0 157509 1
31 0 158702 1
31 0 201307 1
31 0 201897 1
31 0 209132 1
31 0 212583 1
31 0 215443 1
31 0 240884 1
31 0 241230 1
31 0 246048 1
31 0 276376 1
31 0 300395 1
31 0 303108 1
31 0 309453 1
31 0 334083 1
31 0 35475 1
31 0 373457 1
31 0 39748 1
31 0 43745 1
31 0 474651 1
31 0 492182 1
31 0 498084 1
31 0 517670 1
31 0 540435 1
31 0 553520 1
31 0 593170 1
31 0 599263 1
31 0 617602 1
31 0 621217 1
31 0 622728 1
31 0 626076 1
31 0 647666 1
31 0 647676 1
31 0 649666 1
31 0 651554 1
31 0 709900 1
31 0 735717 1
31 0 762750 1
31 0 776369 1
31 0 794295 1
31 0 869376 1
31 0 902341 1
31 0 96723 1
31 0 980446 1
31 0 981863 1
32 0 1003333 1
32 0 135578 1
32 0 188212 1
32 0 203277 1
32 0 210864 1
32 0 233166 1
32 0 246233 1
32 0 273079 1
32 0 318059 1
32 0 344623 1
32 0 348140 1
32 0 379471 1
32 0 423751 1
32 0 436347 1
32 0 442514 1
32 0 455955 1
32 0 503060 1
32 0 551456 1
32 0 58422 1
32 0 618920 1
32 0 639608 1
32 0 673670 1
32 0 680185 1
32 0 790819 1
32 0 852336 1
32 0 854160 1
32 0 870098 1
32 0 908676 1
32 0 923626 1
32 0 946270 1
33 0 103631 1
33 0 142157 1
33 0 146499 1
33 0 206407 1
33 0 213172 1
33 0 342749 1
33 0 346580 1
33 0 353462 1
33 0 356036 1
33 0 38284 1
33 0 38537 1
33 0 424634 1
33 0 436470 1
33 0 439092 1
33 0 439650 1
33 0 442557 1
33 0 447293 1
33 0 448294 1
33 0 468451 1
33 0 48337 1
33 0 50099 1
33 0 536206 1
33 0 546269 1
33 0 557032 1
33 0 626035 1
33 0 636816 1
33 0 641770 1
33 0 654320 1
33 0 65561 1
33 0 668003 1
33 0 67840 1
33 0 759800 1
33 0 76995 1
33 0 789723 1
33 0 81584 1
33 0 828348 1
33 0 830993 1
33 0 837377 1
33 0 860380 1
33 0 868852 1
33 0 870590 1
33 0 897161 1
33 0 909840 1
33 0 920442 1
33 0 94772 1
33 0 967438 1
33 0 968865 1
33 0 973111 1
33 0 982915 1
34 0 1021418 1
34 0 112956 1
34 0 199074 1
34 0 208509 1
34 0 210864 1
34 0 213944 1
34 0 214260 1
34 0 243298 1
34 0 271727 1
34 0 273079 1
34 0 277839 1
34 0 304423 1
34 0 306101 1
34 0 340765 1
34 0 344623 1
34 0 372352 1
34 0 429257 1
34 0 43480 1
34 0 454165 1
34 0 455505 1
34 0 467694 1
34 0 473524 1
34 0 47959 1
34 0 535386 1
34 0 550055 1
34 0 601034 1
34 0 606998 1
34 0 623843 1
34 0 669880 1
34 0 676374 1
34 0 676885 1
34 0 713414 1
34 0 722683 1
34 0 777463 1
34 0 780537 1
34 0 784365 1
34 0 790819 1
34 0 793776 1
34 0 822048 1
34 0 822940 1
34 0 907549 1
34 0 917468 1
34 0 923595 1
34 0 925799 1
34 0 930779 1
34 0 946302 1
34 0 949339 1
34 0 998332 1
35 0 102847 1
35 0 103631 1
35 0 158214 1
35 0 169140 1
35 0 203103 1
35 0 235657 1
35 0 236180 1
35 0 342059 1
35 0 348913 1
35 0 350219 1
35 0 352367 1
35 0 358465 1
35 0 379618 1
35 0 40412 1
35 0 415849 1
35 0 425636 1
35 0 448294 1
35 0 467176 1
35 0 468358 1
35 0 498982 1
35 0 511493 1
35 0 536499 1
35 0 545669 1
35 0 552967 1
35 0 612340 1
35 0 62919 1
35 0 634545 1
35 0 65561 1
35 0 713689 1
35 0 72995 1
35 0 731595 1
35 0 76995 1
35 0 80666 1
35 0 845310 1
35 0 845322 1
35 0 848545 1
35 0 867467 1
35 0 878333 1
35 0 881976 1
35 0 897161 1
35 0 904866 1
35 0 918307 1
35 0 923576 1
35 0 949562 1
36 0 124194 1
36 0 133145 1
36 0 142157 1
36 0 14641 1
36 0 197083 1
36 0 202956 1
36 0 235657 1
36 0 30049 1
36 0 315147 1
36 0 378033 1
36 0 37927 1
36 0 38537 1
36 0 412042 1
36 0 415849 1
36 0 493371 1
36 0 496663 1
36 0 50099 1
36 0 512385 1
36 0 518488 1
36 0 52687 1
36 0 536499 1
36 0 615076 1
36 0 633480 1
36 0 635438 1
36 0 636816 1
36 0 652089 1
36 0 677407 1
36 0 70310 1
36 0 763055 1
36 0 765087 1
36 0 775317 1
36 0 775936 1
36 0 782573 1
36 0 783787 1
36 0 798452 1
36 0 81584 1
36 0 825880 1
36 0 830993 1
36 0 909840 1
36 0 912297 1
36 0 913114 1
36 0 923994 1
36 0 924547 1
36 0 94772 1
36 0 965310 1
36 0 969060 1
36 0 99448 1
37 0 160782 1
37 0 161013 1
37 0 198741 1
37 0 199682 1
37 0 206606 1
37 0 213172 1
37 0 235657 1
37 0 237437 1
37 0 268201 1
37 0 291559 1
37 0 313879 1
37 0 317994 1
37 0 337883 1
37 0 342059 1
37 0 355541 1
37 0 358465 1
37 0 37927 1
37 0 39687 1
37 0 414298 1
37 0 427856 1
37 0 436470 1
37 0 449651 1
37 0 452793 1
37 0 468358 1
37 0 536499 1
37 0 609806 1
37 0 626035 1
37 0 631968 1
37 0 633480 1
37 0 641770 1
37 0 651255 1
37 0 675317 1
37 0 715546 1
37 0 718059 1
37 0 728888 1
37 0 75555 1
37 0 770671 1
37 0 776882 1
37 0 780088 1
37 0 789723 1
37 0 81584 1
37 0 830993 1
37 0 868852 1
37 0 870590 1
37 0 897161 1
37 0 909840 1
38 0 1013232 1
38 0 1030954 1
38 0 108898 1
38 0 113644 1
38 0 115710 1
38 0 124194 1
38 0 147878 1
38 0 162031 1
38 0 196158 1
38 0 203670 1
38 0 211552 1
38 0 215086 1
38 0 250145 1
38 0 304876 1
38 0 333240 1
38 0 355541 1
38 0 362957 1
38 0 436249 1
38 0 439021 1
38 0 443526 1
38 0 451074 1
38 0 457687 1
38 0 468358 1
38 0 494517 1
38 0 521941 1
38 0 538878 1
38 0 546282 1
38 0 587918 1
38 0 606446 1
38 0 61056 1
38 0 639487 1
38 0 647997 1
38 0 648705 1
38 0 65561 1
38 0 670848 1
38 0 713451 1
38 0 728888 1
38 0 765087 1
38 0 829899 1
38 0 832804 1
38 0 844573 1
38 0 854339 1
38 0 861412 1
38 0 909840 1
38 0 943200 1
38 0 982998 1
38 0 997654 1
39 0 1006845 1
39 0 102847 1
39 0 103631 1
39 0 133145 1
39 0 169045 1
39 0 169140 1
39 0 188920 1
39 0 199927 1
39 0 222695 1
39 0 264140 1
39 0 268201 1
39 0 303953 1
39 0 340385 1
39 0 348010 1
39 0 358465 1
39 0 38284 1
39 0 38926 1
39 0 439650 1
39 0 448294 1
39 0 458289 1
39 0 508423 1
39 0 536499 1
39 0 550347 1
39 0 552967 1
39 0 553066 1
39 0 55548 1
39 0 556332 1
39 0 612340 1
39 0 62919 1
39 0 630101 1
39 0 632451 1
39 0 651161 1
39 0 654558 1
39 0 671160 1
39 0 711713 1
39 0 71183 1
39 0 712755 1
39 0 72995 1
39 0 765087 1
39 0 778331 1
39 0 897161 1
39 0 909840 1
39 0 918307 1
39 0 925414 1
39 0 941905 1
39 0 94854 1
39 0 965310 1
39 0 972053 1
40 0 1008045 1
40 0 1011734 1
40 0 1014866 1
40 0 105648 1
40 0 146026 1
40 0 192165 1
40 0 197495 1
40 0 220549 1
40 0 240255 1
40 0 245536 1
40 0 264074 1
40 0 275763 1
40 0 299263 1
40 0 319270 1
40 0 337422 1
40 0 341527 1
40 0 347251 1
40 0 353419 1
40 0 418911 1
40 0 439237 1
40 0 443045 1
40 0 493491 1
40 0 495790 1
40 0 501417 1
40 0 519127 1
40 0 595437 1
40 0 615973 1
40 0 625554 1
40 0 641661 1
40 0 643511 1
40 0 644364 1
40 0 651132 1
40 0 677779 1
40 0 763767 1
40 0 765321 1
40 0 772496 1
40 0 78476 1
40 0 821655 1
40 0 843291 1
40 0 848054 1
40 0 854177 1
40 0 918337 1
40 0 926598 1
40 0 927054 1
40 0 942341 1
40 0 967621 1
41 0 1008344 1
41 0 101286 1
41 0 1020944 1
41 0 1027476 1
41 0 117453 1
41 0 133443 1
41 0 137618 1
41 0 164841 1
41 0 199231 1
41 0 214579 1
41 0 264331 1
41 0 270533 1
41 0 302500 1
41 0 340759 1
41 0 357437 1
41 0 415545 1
41 0 473534 1
41 0 475426 1
41 0 498934 1
41 0 51422 1
41 0 551456 1
41 0 60460 1
41 0 608403 1
41 0 633718 1
41 0 640861 1
41 0 647721 1
41 0 648052 1
41 0 654922 1
41 0 675981 1
41 0 680001 1
41 0 689925 1
41 0 734435 1
41 0 761261 1
41 0 76995 1
41 0 773239 1
41 0 794262 1
41 0 799667 1
41 0 832535 1
41 0 835221 1
41 0 844573 1
41 0 871939 1
41 0 880634 1
41 0 913411 1
41 0 921380 1
41 0 949145 1
41 0 962313 1
41 0 96446 1
41 0 964924 1
42 0 1031892 1
42 0 155566 1
42 0 167694 1
42 0 217811 1
42 0 249391 1
42 0 268201 1
42 0 274800 1
42 0 301706 1
42 0 336299 1
42 0 349616 1
42 0 350490 1
42 0 356036 1
42 0 376339 1
42 0 416892 1
42 0 436299 1
42 0 439237 1
42 0 471079 1
42 0 471707 1
42 0 501245 1
42 0 537339 1
42 0 546269 1
42 0 570997 1
42 0 612923 1
42 0 633702 1
42 0 636090 1
42 0 636789 1
42 0 639965 1
42 0 644364 1
42 0 651255 1
42 0 65561 1
42 0 677276 1
42 0 689505 1
42 0 713447 1
42 0 761510 1
42 0 821570 1
42 0 827036 1
42 0 849788 1
42 0 902256 1
42 0 931046 1
42 0 945572 1
42 0 962995 1
42 0 970769 1
42 0 980478 1
43 0 1002128 1
43 0 1008075 1
43 0 1008740 1
43 0 144435 1
43 0 151390 1
43 0 160269 1
43 0 199074 1
43 0 200530 1
43 0 203517 1
43 0 216819 1
43 0 240735 1
43 0 264329 1
43 0 307053 1
43 0 311281 1
43 0 357172 1
43 0 360241 1
43 0 370610 1
43 0 41827 1
43 0 42011 1
43 0 423751 1
43 0 465549 1
43 0 474103 1
43 0 478610 1
43 0 595310 1
43 0 639247 1
43 0 706299 1
43 0 714454 1
43 0 783295 1
43 0 793527 1
43 0 841924 1
43 0 850665 1
43 0 857710 1
43 0 860145 1
43 0 864216 1
43 0 878462 1
43 0 896307 1
43 0 906887 1
43 0 913411 1
43 0 95074 1
43 0 956321 1
43 0 966838 1
43 0 972121 1
43 0 998849 1
44 0 1020944 1
44 0 102702 1
44 0 117453 1
44 0 135659 1
44 0 158698 1
44 0 194945 1
44 0 222540 1
44 0 237858 1
44 0 295258 1
44 0 340154 1
44 0 357437 1
44 0 40412 1
44 0 417395 1
44 0 433529 1
44 0 439237 1
44 0 460528 1
44 0 460756 1
44 0 477249 1
44 0 485704 1
44 0 500024 1
44 0 503249 1
44 0 548149 1
44 0 586252 1
44 0 606667 1
44 0 608891 1
44 0 622487 1
44 0 647721 1
44 0 675354 1
44 0 709128 1
44 0 713290 1
44 0 720679 1
44 0 770711 1
44 0 772496 1
44 0 793097 1
44 0 80289 1
44 0 854156 1
44 0 862425 1
44 0 868361 1
44 0 907320 1
44 0 96467 1
44 0 98749 1
45 0 168042 1
45 0 237413 1
45 0 241297 1
45 0 242081 1
45 0 245203 1
45 0 297787 1
45 0 300292 1
45 0 302500 1
45 0 305772 1
45 0 333756 1
45 0 340759 1
45 0 343393 1
45 0 357437 1
45 0 379704 1
45 0 426697 1
45 0 455505 1
45 0 494624 1
45 0 495107 1
45 0 498934 1
45 0 50319 1
45 0 505939 1
45 0 546295 1
45 0 58422 1
45 0 591609 1
45 0 60435 1
45 0 622944 1
45 0 623843 1
45 0 633087 1
45 0 634202 1
45 0 640768 1
45 0 713847 1
45 0 740515 1
45 0 768517 1
45 0 784371 1
45 0 786864 1
45 0 787048 1
45 0 831989 1
45 0 843468 1
45 0 845086 1
45 0 871751 1
45 0 878401 1
45 0 913750 1
45 0 95830 1
45 0 966246 1
45 0 98749 1
45 0 993246 1
46 0 152873 1
46 0 164841 1
46 0 170124 1
46 0 199530 1
46 0 212393 1
46 0 213750 1
46 0 214886 1
46 0 215756 1
46 0 217245 1
46 0 220018 1
46 0 240093 1
46 0 241297 1
46 0 302500 1
46 0 307325 1
46 0 308603 1
46 0 321480 1
46 0 333756 1
46 0 336299 1
46 0 340759 1
46 0 353603 1
46 0 431254 1
46 0 439237 1
46 0 441725 1
46 0 450835 1
46 0 466984 1
46 0 50668 1
46 0 510021 1
46 0 587129 1
46 0 622944 1
46 0 631868 1
46 0 634412 1
46 0 635275 1
46 0 644364 1
46 0 653632 1
46 0 676402 1
46 0 685041 1
46 0 714668 1
46 0 740515 1
46 0 773239 1
46 0 822576 1
46 0 848177 1
46 0 864651 1
46 0 959762 1
46 0 961141 1
46 0 962995 1
46 0 99014 1
46 0 993246 1
47 0 117995 1
47 0 130768 1
47 0 134922 1
47 0 188539 1
47 0 199530 1
47 0 201074 1
47 0 217328 1
47 0 241297 1
47 0 26571 1
47 0 300619 1
47 0 305772 1
47 0 333077 1
47 0 336299 1
47 0 341527 1
47 0 344623 1
47 0 347658 1
47 0 39798 1
47 0 42143 1
47 0 429257 1
47 0 431254 1
47 0 431807 1
47 0 439237 1
47 0 443735 1
47 0 51849 1
47 0 587129 1
47 0 613836 1
47 0 615973 1
47 0 631868 1
47 0 635275 1
47 0 673765 1
47 0 689780 1
47 0 721425 1
47 0 729450 1
47 0 763767 1
47 0 771367 1
47 0 779761 1
47 0 792908 1
47 0 837371 1
47 0 838625 1
47 0 854160 1
47 0 864741 1
47 0 878401 1
47 0 879579 1
47 0 880014 1
47 0 913750 1
47 0 962995 1
47 0 999239 1
48 0 1000610 1
48 0 122604 1
48 0 138815 1
48 0 153780 1
48 0 166543 1
48 0 221840 1
48 0 246577 1
48 0 303356 1
48 0 32576 1
48 0 360958 1
48 0 375560 1
48 0 439634 1
48 0 456882 1
48 0 474190 1
48 0 482200 1
48 0 495013 1
48 0 495960 1
48 0 502240 1
48 0 52555 1
48 0 540275 1
48 0 540615 1
48 0 642593 1
48 0 645397 1
48 0 67636 1
48 0 699098 1
48 0 707584 1
48 0 71335 1
48 0 728834 1
48 0 768138 1
48 0 77500 1
48 0 784371 1
48 0 791102 1
48 0 844088 1
48 0 91196 1
48 0 940109 1
48 0 980085 1
48 0 982673 1
48 0 994725 1
49 0 1008109 1
49 0 101965 1
49 0 135180 1
49 0 155434 1
49 0 205416 1
49 0 213944 1
49 0 243298 1
49 0 26533 1
49 0 277839 1
49 0 308939 1
49 0 312513 1
49 0 342016 1
49 0 361135 1
49 0 372352 1
49 0 417925 1
49 0 428736 1
49 0 430893 1
49 0 433529 1
49 0 455357 1
49 0 462061 1
49 0 500783 1
49 0 50319 1
49 0 544679 1
49 0 606998 1
49 0 609386 1
49 0 669416 1
49 0 674549 1
49 0 675958 1
49 0 676374 1
49 0 692567 1
49 0 711736 1
49 0 71328 1
49 0 767433 1
49 0 793776 1
49 0 83179 1
49 0 844019 1
49 0 854870 1
49 0 862898 1
49 0 867697 1
49 0 905585 1
49 0 911364 1
49 0 912836 1
49 0 915514 1
49 0 974453 1
49 0 999772 1
50 0 188539 1
50 0 199530 1
50 0 201074 1
50 0 213750 1
50 0 217245 1
50 0 220018 1
50 0 240093 1
50 0 302742 1
50 0 308603 1
50 0 313916 1
50 0 317752 1
50 0 333077 1
50 0 356703 1
50 0 410046 1
50 0 415421 1
50 0 421425 1
50 0 427081 1
50 0 429257 1
50 0 429903 1
50 0 431254 1
50 0 466984 1
50 0 495107 1
50 0 502240 1
50 0 50524 1
50 0 510021 1
50 0 587129 1
50 0 613836 1
50 0 634412 1
50 0 635275 1
50 0 653632 1
50 0 677342 1
50 0 714668 1
50 0 726129 1
50 0 734379 1
50 0 736787 1
50 0 74803 1
50 0 763910 1
50 0 765614 1
50 0 812951 1
50 0 84234 1
50 0 877234 1
50 0 879579 1
50 0 913750 1
50 0 921010 1
50 0 932389 1
50 0 949047 1
50 0 959762 1
50 0 995551 1
51 0 1002425 1
51 0 1024426 1
51 0 1025716 1
51 0 109742 1
51 0 135180 1
51 0 155434 1
51 0 165592 1
51 0 207659 1
51 0 213342 1
51 0 213944 1
51 0 217525 1
51 0 241297 1
51 0 260934 1
51 0 274851 1
51 0 274991 1
51 0 297787 1
51 0 372543 1
51 0 375112 1
51 0 434735 1
51 0 438380 1
51 0 438638 1
51 0 455229 1
51 0 455357 1
51 0 462061 1
51 0 479228 1
51 0 500783 1
51 0 50319 1
51 0 522368 1
51 0 543015 1
51 0 547270 1
51 0 560601 1
51 0 599664 1
51 0 609048 1
51 0 611532 1
51 0 617811 1
51 0 640768 1
51 0 711416 1
51 0 742975 1
51 0 80965 1
51 0 825896 1
51 0 831989 1
51 0 837371 1
51 0 844019 1
51 0 848690 1
51 0 918302 1
51 0 950312 1
51 0 95830 1
52 0 1023933 1
52 0 170047 1
52 0 188539 1
52 0 205416 1
52 0 213750 1
52 0 215966 1
52 0 218393 1
52 0 233926 1
52 0 237495 1
52 0 241297 1
52 0 246926 1
52 0 265720 1
52 0 27046 1
52 0 304466 1
52 0 307325 1
52 0 372543 1
52 0 372570 1
52 0 42981 1
52 0 439237 1
52 0 48964 1
52 0 491827 1
52 0 50524 1
52 0 51302 1
52 0 556353 1
52 0 57612 1
52 0 622944 1
52 0 62342 1
52 0 62799 1
52 0 633885 1
52 0 650383 1
52 0 685041 1
52 0 692315 1
52 0 727490 1
52 0 729450 1
52 0 773971 1
52 0 837371 1
52 0 860734 1
52 0 865534 1
52 0 871751 1
52 0 875045 1
52 0 896059 1
52 0 928148 1
52 0 941788 1
52 0 945328 1
53 0 101526 1
53 0 132531 1
53 0 152873 1
53 0 188539 1
53 0 199530 1
53 0 201074 1
53 0 212393 1
53 0 214886 1
53 0 240093 1
53 0 241297 1
53 0 340759 1
53 0 372543 1
53 0 42143 1
53 0 431254 1
53 0 440555 1
53 0 443735 1
53 0 449651 1
53 0 450835 1
53 0 455505 1
53 0 47686 1
53 0 48964 1
53 0 495107 1
53 0 50524 1
53 0 50668 1
53 0 510021 1
53 0 58422 1
53 0 587129 1
53 0 622944 1
53 0 623843 1
53 0 631868 1
53 0 634412 1
53 0 635275 1
53 0 646729 1
53 0 685041 1
53 0 707752 1
53 0 71328 1
53 0 714668 1
53 0 729450 1
53 0 740515 1
53 0 75243 1
53 0 822576 1
53 0 837371 1
53 0 84756 1
53 0 848177 1
53 0 878401 1
53 0 912836 1
53 0 932389 1
53 0 959762 1
53 0 961141 1
53 0 99014 1
54 0 103854 1
54 0 131340 1
54 0 196515 1
54 0 204506 1
54 0 209609 1
54 0 223488 1
54 0 241297 1
54 0 268748 1
54 0 297787 1
54 0 315374 1
54 0 340759 1
54 0 348902 1
54 0 356405 1
54 0 372543 1
54 0 428604 1
54 0 430938 1
54 0 439642 1
54 0 451747 1
54 0 463573 1
54 0 47686 1
54 0 486109 1
54 0 495596 1
54 0 506018 1
54 0 515533 1
54 0 518354 1
54 0 543942 1
54 0 547177 1
54 0 563677 1
54 0 56563 1
54 0 589668 1
54 0 62445 1
54 0 636682 1
54 0 637439 1
54 0 646729 1
54 0 653209 1
54 0 669212 1
54 0 678685 1
54 0 697002 1
54 0 762168 1
54 0 763487 1
54 0 781924 1
54 0 824357 1
54 0 833082 1
54 0 868244 1
54 0 93044 1
54 0 969861 1
55 0 153221 1
55 0 158730 1
55 0 166516 1
55 0 196190 1
55 0 198079 1
55 0 201030 1
55 0 207659 1
55 0 233656 1
55 0 241902 1
55 0 255337 1
55 0 297787 1
55 0 344597 1
55 0 372543 1
55 0 412421 1
55 0 416895 1
55 0 42583 1
55 0 434482 1
55 0 449651 1
55 0 455066 1
55 0 457300 1
55 0 459785 1
55 0 486109 1
55 0 493121 1
55 0 50034 1
55 0 503847 1
55 0 507425 1
55 0 508101 1
55 0 522786 1
55 0 537376 1
55 0 594988 1
55 0 599225 1
55 0 612566 1
55 0 649970 1
55 0 735716 1
55 0 75460 1
55 0 793806 1
55 0 837510 1
55 0 910031 1
55 0 912145 1
55 0 946548 1
55 0 964278 1
55 0 96995 1
55 0 970366 1
56 0 1000588 1
56 0 1011213 1
56 0 1022175 1
56 0 137458 1
56 0 196190 1
56 0 196803 1
56 0 198246 1
56 0 209609 1
56 0 210031 1
56 0 221735 1
56 0 241902 1
56 0 297778 1
56 0 352423 1
56 0 356405 1
56 0 36863 1
56 0 372543 1
56 0 412421 1
56 0 418513 1
56 0 434482 1
56 0 439642 1
56 0 449651 1
56 0 463573 1
56 0 47686 1
56 0 493600 1
56 0 506879 1
56 0 534035 1
56 0 540226 1
56 0 547177 1
56 0 590618 1
56 0 617983 1
56 0 649166 1
56 0 735716 1
56 0 737940 1
56 0 765750 1
56 0 822762 1
56 0 830233 1
56 0 833256 1
56 0 84756 1
56 0 868244 1
56 0 912145 1
56 0 940225 1
56 0 943674 1
56 0 945572 1
56 0 975958 1
57 0 132531 1
57 0 137458 1
57 0 185969 1
57 0 196515 1
57 0 223488 1
57 0 297787 1
57 0 333362 1
57 0 340759 1
57 0 356405 1
57 0 36863 1
57 0 372543 1
57 0 373223 1
57 0 412421 1
57 0 43088 1
57 0 431120 1
57 0 439642 1
57 0 451747 1
57 0 467694 1
57 0 47686 1
57 0 495596 1
57 0 496287 1
57 0 506018 1
57 0 543942 1
57 0 56563 1
57 0 591609 1
57 0 593560 1
57 0 625044 1
57 0 637439 1
57 0 646729 1
57 0 655390 1
57 0 669212 1
57 0 762168 1
57 0 763487 1
57 0 787308 1
57 0 790373 1
57 0 820327 1
57 0 821100 1
57 0 822762 1
57 0 835938 1
57 0 847699 1
57 0 870929 1
57 0 93044 1
57 0 940225 1
57 0 94420 1
57 0 999244 1
58 0 232914 1
58 0 241902 1
58 0 255337 1
58 0 294199 1
58 0 297787 1
58 0 301056 1
58 0 312661 1
58 0 372543 1
58 0 38537 1
58 0 412421 1
58 0 419431 1
58 0 43088 1
58 0 432203 1
58 0 47686 1
58 0 480636 1
58 0 493121 1
58 0 52319 1
58 0 55482 1
58 0 59621 1
58 0 601239 1
58 0 611117 1
58 0 612220 1
58 0 637439 1
58 0 655733 1
58 0 69376 1
58 0 70759 1
58 0 717963 1
58 0 729740 1
58 0 762168 1
58 0 763242 1
58 0 77676 1
58 0 784561 1
58 0 786225 1
58 0 788817 1
58 0 791497 1
58 0 792249 1
58 0 831245 1
58 0 940225 1
58 0 970366 1
59 0 115382 1
59 0 137539 1
59 0 143992 1
59 0 157122 1
59 0 223488 1
59 0 260946 1
59 0 263788 1
59 0 276094 1
59 0 276828 1
59 0 296246 1
59 0 296787 1
59 0 297559 1
59 0 297787 1
59 0 306403 1
59 0 309579 1
59 0 314940 1
59 0 335681 1
59 0 355963 1
59 0 372208 1
59 0 372543 1
59 0 413895 1
59 0 424881 1
59 0 470105 1
59 0 496287 1
59 0 515533 1
59 0 53461 1
59 0 536357 1
59 0 543686 1
59 0 62445 1
59 0 65704 1
59 0 665917 1
59 0 666657 1
59 0 667635 1
59 0 672065 1
59 0 69686 1
59 0 710618 1
59 0 713846 1
59 0 775224 1
59 0 823822 1
59 0 869698 1
59 0 870929 1
59 0 900872 1
59 0 911808 1
59 0 930541 1
59 0 940399 1
59 0 943180 1
59 0 974110 1
59 0 976042 1
60 0 1004654 1
60 0 1005873 1
60 0 1027871 1
60 0 115382 1
60 0 132531 1
60 0 139001 1
60 0 163541 1
60 0 196263 1
60 0 207659 1
60 0 215966 1
60 0 224270 1
60 0 252086 1
60 0 296156 1
60 0 297787 1
60 0 308753 1
60 0 313962 1
60 0 330649 1
60 0 344940 1
60 0 347254 1
60 0 36863 1
60 0 372543 1
60 0 412421 1
60 0 452827 1
60 0 461697 1
60 0 477025 1
60 0 493600 1
60 0 521342 1
60 0 593560 1
60 0 601239 1
60 0 603734 1
60 0 611532 1
60 0 613057 1
60 0 644249 1
60 0 646729 1
60 0 656550 1
60 0 689554 1
60 0 734261 1
60 0 760177 1
60 0 763487 1
60 0 765815 1
60 0 771831 1
60 0 831309 1
60 0 856440 1
60 0 860528 1
60 0 866937 1
60 0 910031 1
60 0 959739 1
60 0 99440 1
61 0 1000588 1
61 0 1011213 1
61 0 137458 1
61 0 149109 1
61 0 161441 1
61 0 209609 1
61 0 263623 1
61 0 264306 1
61 0 273126 1
61 0 306002 1
61 0 31464 1
61 0 333228 1
61 0 33512 1
61 0 347146 1
61 0 356405 1
61 0 365772 1
61 0 367517 1
61 0 414704 1
61 0 463573 1
61 0 465532 1
61 0 495596 1
61 0 506908 1
61 0 540226 1
61 0 544162 1
61 0 547177 1
61 0 551141 1
61 0 639757 1
61 0 646958 1
61 0 649166 1
61 0 667612 1
61 0 678685 1
61 0 689235 1
61 0 720950 1
61 0 72932 1
61 0 765750 1
61 0 833256 1
61 0 843560 1
61 0 873074 1
61 0 878462 1
61 0 923421 1
61 0 924131 1
61 0 963941 1
61 0 967383 1
61 0 97978 1
62 0 111441 1
62 0 137632 1
62 0 144049 1
62 0 159043 1
62 0 203612 1
62 0 206011 1
62 0 209609 1
62 0 214754 1
62 0 296246 1
62 0 297787 1
62 0 344597 1
62 0 345449 1
62 0 35749 1
62 0 412421 1
62 0 414738 1
62 0 415132 1
62 0 419431 1
62 0 449651 1
62 0 454905 1
62 0 457300 1
62 0 47686 1
62 0 499788 1
62 0 503847 1
62 0 519547 1
62 0 547177 1
62 0 590618 1
62 0 62591 1
62 0 637439 1
62 0 649970 1
62 0 725511 1
62 0 727422 1
62 0 732744 1
62 0 735716 1
62 0 737940 1
62 0 75460 1
62 0 762733 1
62 0 774732 1
62 0 77951 1
62 0 782170 1
62 0 823279 1
62 0 828200 1
62 0 828953 1
62 0 902292 1
62 0 912145 1
62 0 93050 1
62 0 969861 1
62 0 999210 1
63 0 1021930 1
63 0 134225 1
63 0 134484 1
63 0 157122 1
63 0 157545 1
63 0 192855 1
63 0 212945 1
63 0 220540 1
63 0 223488 1
63 0 235116 1
63 0 273869 1
63 0 276031 1
63 0 277828 1
63 0 293550 1
63 0 33981 1
63 0 344185 1
63 0 376969 1
63 0 39748 1
63 0 408005 1
63 0 409208 1
63 0 42583 1
63 0 451747 1
63 0 54593 1
63 0 554055 1
63 0 555740 1
63 0 556653 1
63 0 557362 1
63 0 588663 1
63 0 590618 1
63 0 61450 1
63 0 616302 1
63 0 65704 1
63 0 668181 1
63 0 676749 1
63 0 678685 1
63 0 708876 1
63 0 710190 1
63 0 726423 1
63 0 729017 1
63 0 765686 1
63 0 783076 1
63 0 791426 1
63 0 853797 1
63 0 860248 1
63 0 900872 1
63 0 908946 1
63 0 962687 1
64 0 110269 1
64 0 198079 1
64 0 199414 1
64 0 201571 1
64 0 203612 1
64 0 207353 1
64 0 214521 1
64 0 223065 1
64 0 317186 1
64 0 345189 1
64 0 415353 1
64 0 417047 1
64 0 429156 1
64 0 452612 1
64 0 457300 1
64 0 459080 1
64 0 466592 1
64 0 469353 1
64 0 493620 1
64 0 511439 1
64 0 519547 1
64 0 52319 1
64 0 54619 1
64 0 549846 1
64 0 601508 1
64 0 608436 1
64 0 608451 1
64 0 616302 1
64 0 617983 1
64 0 636930 1
64 0 644062 1
64 0 681980 1
64 0 69376 1
64 0 830184 1
64 0 832049 1
64 0 871259 1
64 0 872880 1
64 0 880082 1
64 0 889625 1
64 0 916438 1
64 0 926215 1
64 0 967383 1
64 0 990557 1
65 0 1002490 1
65 0 1007601 1
65 0 1027654 1
65 0 104167 1
65 0 109744 1
65 0 124194 1
65 0 14641 1
65 0 158906 1
65 0 214791 1
65 0 235433 1
65 0 300395 1
65 0 31202 1
65 0 35978 1
65 0 38537 1
65 0 412042 1
65 0 417883 1
65 0 436249 1
65 0 445880 1
65 0 44794 1
65 0 465487 1
65 0 47843 1
65 0 485704 1
65 0 52687 1
65 0 535941 1
65 0 537361 1
65 0 554313 1
65 0 596878 1
65 0 61056 1
65 0 615076 1
65 0 629980 1
65 0 635438 1
65 0 650464 1
65 0 728807 1
65 0 730501 1
65 0 734982 1
65 0 74832 1
65 0 775317 1
65 0 78917 1
65 0 798452 1
65 0 825880 1
65 0 854050 1
65 0 860928 1
65 0 908527 1
65 0 909840 1
65 0 923994 1
65 0 99664 1
66 0 110103 1
66 0 116552 1
66 0 131340 1
66 0 198079 1
66 0 201571 1
66 0 204304 1
66 0 204506 1
66 0 223488 1
66 0 234950 1
66 0 246943 1
66 0 26571 1
66 0 301082 1
66 0 309579 1
66 0 345189 1
66 0 348234 1
66 0 429870 1
66 0 431730 1
66 0 443735 1
66 0 451747 1
66 0 456222 1
66 0 456829 1
66 0 462385 1
66 0 495596 1
66 0 496287 1
66 0 49672 1
66 0 506018 1
66 0 536579 1
66 0 563677 1
66 0 589668 1
66 0 594676 1
66 0 601662 1
66 0 62445 1
66 0 627026 1
66 0 69376 1
66 0 724406 1
66 0 725481 1
66 0 73438 1
66 0 775276 1
66 0 781924 1
66 0 785616 1
66 0 787456 1
66 0 864045 1
66 0 906451 1
66 0 93044 1
66 0 969861 1
66 0 96995 1
67 0 1021930 1
67 0 1024389 1
67 0 145829 1
67 0 194301 1
67 0 234841 1
67 0 237413 1
67 0 238816 1
67 0 245990 1
67 0 252365 1
67 0 260365 1
67 0 26069 1
67 0 274720 1
67 0 308803 1
67 0 333721 1
67 0 344958 1
67 0 350949 1
67 0 369270 1
67 0 379596 1
67 0 39748 1
67 0 412073 1
67 0 451056 1
67 0 45927 1
67 0 521213 1
67 0 52354 1
67 0 537361 1
67 0 543268 1
67 0 555740 1
67 0 555914 1
67 0 595444 1
67 0 59712 1
67 0 606304 1
67 0 629560 1
67 0 637609 1
67 0 676888 1
67 0 70454 1
67 0 729017 1
67 0 764552 1
67 0 780306 1
67 0 78164 1
67 0 791421 1
67 0 871528 1
67 0 947073 1
68 0 107559 1
68 0 132403 1
68 0 134704 1
68 0 169048 1
68 0 190961 1
68 0 194765 1
68 0 202470 1
68 0 214048 1
68 0 220428 1
68 0 261038 1
68 0 26757 1
68 0 292604 1
68 0 314183 1
68 0 319855 1
68 0 337215 1
68 0 338306 1
68 0 346148 1
68 0 347725 1
68 0 40053 1
68 0 413497 1
68 0 416462 1
68 0 417272 1
68 0 419003 1
68 0 419295 1
68 0 425692 1
68 0 429800 1
68 0 497262 1
68 0 519876 1
68 0 607369 1
68 0 613379 1
68 0 61964 1
68 0 621753 1
68 0 70748 1
68 0 722283 1
68 0 728501 1
68 0 734660 1
68 0 739522 1
68 0 769427 1
68 0 771016 1
68 0 782934 1
68 0 784370 1
68 0 830455 1
68 0 870305 1
68 0 897159 1
68 0 969885 1
68 0 98749 1
69 0 104548 1
69 0 134704 1
69 0 141465 1
69 0 153699 1
69 0 191649 1
69 0 200748 1
69 0 235145 1
69 0 240093 1
69 0 245931 1
69 0 301564 1
69 0 343998 1
69 0 346194 1
69 0 357437 1
69 0 35782 1
69 0 426200 1
69 0 429326 1
69 0 444435 1
69 0 451594 1
69 0 456974 1
69 0 524290 1
69 0 56786 1
69 0 595212 1
69 0 612741 1
69 0 613379 1
69 0 621024 1
69 0 621222 1
69 0 62806 1
69 0 640187 1
69 0 645574 1
69 0 665589 1
69 0 676790 1
69 0 709960 1
69 0 719802 1
69 0 726206 1
69 0 782115 1
69 0 841308 1
69 0 853197 1
69 0 867429 1
69 0 874388 1
69 0 901047 1
69 0 905456 1
69 0 932389 1
69 0 969322 1
69 0 98749 1
69 0 995114 1
70 0 1000831 1
70 0 117453 1
70 0 130035 1
70 0 137429 1
70 0 150504 1
70 0 157353 1
70 0 199031 1
70 0 214124 1
70 0 217871 1
70 0 237413 1
70 0 238489 1
70 0 271727 1
70 0 298279 1
70 0 301173 1
70 0 306603 1
70 0 311545 1
70 0 340759 1
70 0 345994 1
70 0 357437 1
70 0 364809 1
70 0 369270 1
70 0 393814 1
70 0 39733 1
70 0 43504 1
70 0 450106 1
70 0 50125 1
70 0 520878 1
70 0 540001 1
70 0 547785 1
70 0 57094 1
70 0 59712 1
70 0 606304 1
70 0 633324 1
70 0 633718 1
70 0 652642 1
70 0 66671 1
70 0 676888 1
70 0 680694 1
70 0 712281 1
70 0 767079 1
70 0 771180 1
70 0 775316 1
70 0 823053 1
70 0 829923 1
70 0 829966 1
70 0 898538 1
70 0 904907 1
71 0 143036 1
71 0 150379 1
71 0 198312 1
71 0 198990 1
71 0 199231 1
71 0 199305 1
71 0 200530 1
71 0 217581 1
71 0 221376 1
71 0 222124 1
71 0 240203 1
71 0 277149 1
71 0 297399 1
71 0 304047 1
71 0 309010 1
71 0 309592 1
71 0 32454 1
71 0 357482 1
71 0 368777 1
71 0 369270 1
71 0 38039 1
71 0 409485 1
71 0 411548 1
71 0 414011 1
71 0 417651 1
71 0 46883 1
71 0 473925 1
71 0 481057 1
71 0 497048 1
71 0 52757 1
71 0 585831 1
71 0 607785 1
71 0 639247 1
71 0 642715 1
71 0 675752 1
71 0 675981 1
71 0 689780 1
71 0 717130 1
71 0 73165 1
71 0 773239 1
71 0 792638 1
71 0 840044 1
71 0 870904 1
71 0 918474 1
71 0 949145 1
71 0 969263 1
71 0 978442 1
72 0 1005878 1
72 0 101286 1
72 0 1020944 1
72 0 1023829 1
72 0 1027476 1
72 0 117453 1
72 0 133443 1
72 0 164841 1
72 0 199231 1
72 0 245140 1
72 0 252230 1
72 0 254875 1
72 0 264331 1
72 0 302500 1
72 0 317599 1
72 0 333977 1
72 0 340759 1
72 0 354958 1
72 0 362107 1
72 0 415545 1
72 0 445563 1
72 0 498934 1
72 0 51422 1
72 0 538380 1
72 0 60460 1
72 0 625018 1
72 0 627784 1
72 0 647721 1
72 0 649396 1
72 0 675981 1
72 0 689925 1
72 0 692828 1
72 0 721387 1
72 0 736290 1
72 0 761261 1
72 0 770711 1
72 0 773239 1
72 0 792366 1
72 0 799667 1
72 0 828693 1
72 0 834494 1
72 0 835221 1
72 0 880634 1
72 0 912566 1
72 0 921380 1
72 0 941788 1
72 0 949145 1
72 0 962313 1
72 0 96446 1
73 0 1011293 1
73 0 1012479 1
73 0 1031824 1
73 0 104162 1
73 0 198079 1
73 0 202404 1
73 0 203125 1
73 0 207972 1
73 0 209609 1
73 0 217385 1
73 0 237075 1
73 0 239860 1
73 0 300395 1
73 0 340121 1
73 0 364801 1
73 0 369222 1
73 0 373548 1
73 0 379143 1
73 0 389661 1
73 0 439642 1
73 0 451747 1
73 0 458171 1
73 0 485704 1
73 0 52354 1
73 0 540577 1
73 0 57742 1
73 0 603287 1
73 0 619342 1
73 0 640389 1
73 0 674655 1
73 0 67740 1
73 0 681795 1
73 0 736968 1
73 0 767980 1
73 0 768712 1
73 0 822762 1
73 0 84756 1
73 0 944144 1
73 0 975891 1
73 0 977130 1
73 0 991828 1
73 0 993957 1
73 0 994409 1
74 0 1011293 1
74 0 1012388 1
74 0 1015810 1
74 0 104162 1
74 0 143992 1
74 0 188733 1
74 0 198079 1
74 0 207972 1
74 0 209609 1
74 0 298840 1
74 0 300395 1
74 0 311664 1
74 0 364801 1
74 0 369222 1
74 0 379143 1
74 0 421589 1
74 0 439642 1
74 0 451747 1
74 0 453856 1
74 0 535941 1
74 0 543217 1
74 0 603287 1
74 0 619342 1
74 0 621538 1
74 0 63391 1
74 0 640389 1
74 0 651527 1
74 0 69465 1
74 0 714233 1
74 0 736968 1
74 0 740253 1
74 0 75455 1
74 0 767980 1
74 0 808709 1
74 0 822762 1
74 0 824670 1
74 0 84756 1
74 0 862087 1
74 0 868244 1
74 0 899966 1
74 0 905710 1
74 0 911524 1
74 0 962995 1
74 0 994409 1
75 0 1001259 1
75 0 1009945 1
75 0 1011085 1
75 0 1011293 1
75 0 1012479 1
75 0 1031824 1
75 0 136369 1
75 0 139831 1
75 0 148369 1
75 0 202404 1
75 0 205264 1
75 0 209609 1
75 0 237075 1
75 0 239860 1
75 0 335821 1
75 0 379143 1
75 0 389661 1
75 0 422931 1
75 0 428019 1
75 0 430104 1
75 0 439301 1
75 0 439642 1
75 0 456232 1
75 0 462710 1
75 0 470586 1
75 0 515533 1
75 0 542479 1
75 0 599206 1
75 0 603287 1
75 0 640389 1
75 0 671641 1
75 0 67740 1
75 0 681795 1
75 0 688056 1
75 0 719721 1
75 0 728718 1
75 0 763927 1
75 0 824708 1
75 0 84756 1
75 0 857309 1
75 0 860514 1
75 0 897610 1
75 0 975891 1
75 0 977513 1
75 0 982589 1
76 0 1012479 1
76 0 1029072 1
76 0 16233 1
76 0 209609 1
76 0 237222 1
76 0 24294 1
76 0 300395 1
76 0 304002 1
76 0 304422 1
76 0 315747 1
76 0 355230 1
76 0 359732 1
76 0 369222 1
76 0 445299 1
76 0 457554 1
76 0 458171 1
76 0 485704 1
76 0 509152 1
76 0 535369 1
76 0 56105 1
76 0 603287 1
76 0 640389 1
76 0 648218 1
76 0 651551 1
76 0 651672 1
76 0 681546 1
76 0 74832 1
76 0 761613 1
76 0 765842 1
76 0 783660 1
76 0 789362 1
76 0 795359 1
76 0 884601 1
76 0 907478 1
76 0 937395 1
76 0 945392 1
76 0 947129 1
76 0 961196 1
76 0 965595 1
76 0 977130 1
76 0 983861 1
76 0 993957 1
76 0 994409 1
76 0 997968 1
76 0 998909 1
77 0 1010548 1
77 0 108984 1
77 0 143725 1
77 0 187891 1
77 0 194963 1
77 0 201571 1
77 0 202528 1
77 0 246889 1
77 0 297635 1
77 0 301082 1
77 0 312018 1
77 0 338366 1
77 0 353369 1
77 0 372543 1
77 0 453856 1
77 0 455923 1
77 0 456631 1
77 0 456829 1
77 0 474651 1
77 0 47686 1
77 0 54894 1
77 0 563677 1
77 0 589668 1
77 0 601662 1
77 0 627026 1
77 0 635275 1
77 0 689780 1
77 0 725297 1
77 0 729719 1
77 0 763242 1
77 0 766324 1
77 0 769347 1
77 0 771831 1
77 0 773687 1
77 0 786225 1
77 0 832428 1
77 0 872535 1
77 0 906451 1
77 0 917092 1
77 0 93044 1
77 0 964016 1
77 0 964278 1
77 0 968228 1
77 0 990068 1
78 0 1011529 1
78 0 104217 1
78 0 142759 1
78 0 187891 1
78 0 194963 1
78 0 200409 1
78 0 201571 1
78 0 220181 1
78 0 247145 1
78 0 265181 1
78 0 297635 1
78 0 312018 1
78 0 353369 1
78 0 355645 1
78 0 364371 1
78 0 424229 1
78 0 432057 1
78 0 459924 1
78 0 46012 1
78 0 47686 1
78 0 493371 1
78 0 504109 1
78 0 532884 1
78 0 54894 1
78 0 549149 1
78 0 617951 1
78 0 62709 1
78 0 680075 1
78 0 72761 1
78 0 75243 1
78 0 773687 1
78 0 776830 1
78 0 780235 1
78 0 832428 1
78 0 904581 1
78 0 909924 1
78 0 922179 1
78 0 964278 1
78 0 979547 1
78 0 990068 1
79 0 1012144 1
79 0 111765 1
79 0 136030 1
79 0 203441 1
79 0 203612 1
79 0 204506 1
79 0 221544 1
79 0 235528 1
79 0 241555 1
79 0 248055 1
79 0 302917 1
79 0 34451 1
79 0 345128 1
79 0 345189 1
79 0 390592 1
79 0 432643 1
79 0 456222 1
79 0 457300 1
79 0 493620 1
79 0 537917 1
79 0 548790 1
79 0 563677 1
79 0 589668 1
79 0 621055 1
79 0 62709 1
79 0 62812 1
79 0 633530 1
79 0 633718 1
79 0 636930 1
79 0 644605 1
79 0 708193 1
79 0 718292 1
79 0 724273 1
79 0 725481 1
79 0 775276 1
79 0 776922 1
79 0 80004 1
79 0 823279 1
79 0 830471 1
79 0 906092 1
79 0 910524 1
79 0 926215 1
79 0 978673 1
79 0 995914 1
80 0 103185 1
80 0 109755 1
80 0 131499 1
80 0 150609 1
80 0 151085 1
80 0 165055 1
80 0 200837 1
80 0 203099 1
80 0 209461 1
80 0 223488 1
80 0 277440 1
80 0 296387 1
80 0 296391 1
80 0 312458 1
80 0 338954 1
80 0 372543 1
80 0 379285 1
80 0 414689 1
80 0 420492 1
80 0 453625 1
80 0 454584 1
80 0 455505 1
80 0 498977 1
80 0 510538 1
80 0 536872 1
80 0 537017 1
80 0 54232 1
80 0 542423 1
80 0 550156 1
80 0 601565 1
80 0 625378 1
80 0 632421 1
80 0 692807 1
80 0 70190 1
80 0 728735 1
80 0 740536 1
80 0 770386 1
80 0 779770 1
80 0 82304 1
80 0 83059 1
80 0 870929 1
80 0 893865 1
80 0 942436 1
80 0 956848 1
80 0 96459 1
80 0 97332 1
81 0 103185 1
81 0 109755 1
81 0 113094 1
81 0 131499 1
81 0 197494 1
81 0 204902 1
81 0 219794 1
81 0 223488 1
81 0 249132 1
81 0 299255 1
81 0 307052 1
81 0 312458 1
81 0 358959 1
81 0 379249 1
81 0 41776 1
81 0 419003 1
81 0 420492 1
81 0 44496 1
81 0 452821 1
81 0 455096 1
81 0 457976 1
81 0 495457 1
81 0 513391 1
81 0 541423 1
81 0 550156 1
81 0 594625 1
81 0 625378 1
81 0 648783 1
81 0 656000 1
81 0 690814 1
81 0 693559 1
81 0 721238 1
81 0 769809 1
81 0 775577 1
81 0 837396 1
81 0 868983 1
81 0 870929 1
81 0 890746 1
81 0 893881 1
81 0 914360 1
81 0 9468 1
81 0 964637 1
81 0 971841 1
81 0 97880 1
82 0 1022132 1
82 0 103185 1
82 0 105338 1
82 0 137958 1
82 0 151085 1
82 0 208355 1
82 0 210807 1
82 0 215468 1
82 0 239654 1
82 0 270261 1
82 0 276156 1
82 0 311898 1
82 0 31231 1
82 0 313765 1
82 0 353465 1
82 0 41838 1
82 0 429774 1
82 0 450202 1
82 0 491869 1
82 0 52600 1
82 0 536872 1
82 0 550156 1
82 0 57326 1
82 0 60070 1
82 0 608403 1
82 0 611965 1
82 0 613710 1
82 0 613759 1
82 0 633146 1
82 0 648126 1
82 0 715055 1
82 0 71599 1
82 0 73079 1
82 0 731930 1
82 0 734887 1
82 0 782578 1
82 0 78368 1
82 0 869816 1
82 0 890746 1
82 0 895725 1
82 0 902285 1
82 0 916763 1
82 0 927390 1
82 0 9468 1
82 0 952916 1
82 0 98116 1
83 0 100087 1
83 0 100194 1
83 0 160596 1
83 0 164885 1
83 0 166462 1
83 0 190498 1
83 0 200262 1
83 0 236169 1
83 0 275311 1
83 0 294199 1
83 0 301399 1
83 0 312507 1
83 0 341500 1
83 0 39193 1
83 0 39748 1
83 0 41655 1
83 0 427349 1
83 0 440883 1
83 0 442807 1
83 0 444484 1
83 0 452852 1
83 0 457755 1
83 0 459576 1
83 0 470434 1
83 0 510334 1
83 0 52431 1
83 0 590475 1
83 0 595500 1
83 0 629360 1
83 0 633337 1
83 0 635552 1
83 0 653632 1
83 0 66812 1
83 0 693008 1
83 0 726047 1
83 0 766326 1
83 0 777881 1
83 0 784509 1
83 0 825741 1
83 0 866747 1
83 0 870829 1
83 0 918144 1
83 0 969473 1
83 0 974505 1
84 0 131687 1
84 0 165808 1
84 0 168042 1
84 0 193576 1
84 0 195372 1
84 0 213349 1
84 0 245001 1
84 0 248857 1
84 0 263918 1
84 0 346148 1
84 0 369477 1
84 0 414843 1
84 0 419877 1
84 0 455505 1
84 0 473905 1
84 0 474789 1
84 0 495134 1
84 0 516019 1
84 0 51954 1
84 0 539724 1
84 0 613135 1
84 0 623843 1
84 0 624047 1
84 0 666818 1
84 0 673818 1
84 0 690814 1
84 0 70190 1
84 0 711404 1
84 0 720359 1
84 0 724814 1
84 0 75962 1
84 0 787048 1
84 0 796383 1
84 0 829253 1
84 0 83059 1
84 0 83206 1
84 0 856105 1
84 0 869169 1
84 0 920481 1
84 0 93090 1
84 0 944771 1
84 0 97332 1
84 0 977709 1
85 0 1019193 1
85 0 103394 1
85 0 133615 1
85 0 134673 1
85 0 166462 1
85 0 198194 1
85 0 200262 1
85 0 201021 1
85 0 210852 1
85 0 213944 1
85 0 220168 1
85 0 240560 1
85 0 338954 1
85 0 353465 1
85 0 358256 1
85 0 421848 1
85 0 421990 1
85 0 426534 1
85 0 427349 1
85 0 444484 1
85 0 454584 1
85 0 457038 1
85 0 457755 1
85 0 459576 1
85 0 464752 1
85 0 468295 1
85 0 508230 1
85 0 543942 1
85 0 604017 1
85 0 604388 1
85 0 621248 1
85 0 633337 1
85 0 635977 1
85 0 648954 1
85 0 66909 1
85 0 670644 1
85 0 706519 1
85 0 726047 1
85 0 728501 1
85 0 774203 1
85 0 778852 1
85 0 780812 1
85 0 787048 1
85 0 942526 1
85 0 96126 1
86 0 1015280 1
86 0 101666 1
86 0 101965 1
86 0 1031892 1
86 0 106674 1
86 0 135180 1
86 0 135948 1
86 0 195941 1
86 0 202983 1
86 0 205416 1
86 0 213750 1
86 0 243262 1
86 0 250051 1
86 0 269336 1
86 0 271727 1
86 0 272071 1
86 0 275587 1
86 0 275835 1
86 0 305921 1
86 0 307325 1
86 0 312913 1
86 0 314327 1
86 0 35897 1
86 0 372352 1
86 0 39145 1
86 0 40890 1
86 0 428736 1
86 0 622944 1
86 0 635936 1
86 0 636022 1
86 0 66695 1
86 0 676885 1
86 0 711736 1
86 0 724503 1
86 0 773971 1
86 0 838534 1
86 0 857332 1
86 0 874292 1
86 0 907549 1
86 0 911364 1
86 0 918782 1
86 0 929390 1
86 0 932246 1
86 0 950789 1
87 0 1010858 1
87 0 101666 1
87 0 1018803 1
87 0 101965 1
87 0 106674 1
87 0 156891 1
87 0 157022 1
87 0 187839 1
87 0 205416 1
87 0 213944 1
87 0 252076 1
87 0 268751 1
87 0 277839 1
87 0 28375 1
87 0 312513 1
87 0 320518 1
87 0 333414 1
87 0 344542 1
87 0 361135 1
87 0 372352 1
87 0 377285 1
87 0 417925 1
87 0 428736 1
87 0 430893 1
87 0 432871 1
87 0 439584 1
87 0 444484 1
87 0 476445 1
87 0 560851 1
87 0 620183 1
87 0 642802 1
87 0 702703 1
87 0 713693 1
87 0 724503 1
87 0 767433 1
87 0 781127 1
87 0 787571 1
87 0 794504 1
87 0 80288 1
87 0 833693 1
87 0 932246 1
87 0 933779 1
87 0 941989 1
